-1.7569536812534294,2.3480526114011258,3.025774759632606,5.294076261714565,8.722321169100063
-2.9063213542666455,3.3268125993023334,6.121667600337904,7.085975111820151,4.407514656949147
-2.269854372735342,2.3107264596244326,9.228641751099968,6.061449535310664,-2.120338108318386
-0.20785500353757155,1.3729283546838404,9.973562711097621,0.7551916477360003,-4.845598330449741
-0.29784744510552064,1.873052584821459,10.028238479688145,-3.3652123239434686,-1.9244063399049407
0.7412290167107529,2.790548464755626,9.219240893467862,-3.755645574378233,2.4802447981181497
4.180341907091309,4.212688498749505,7.532643130682358,-1.642792835170798,4.937615573767486
7.582395328072407,5.202162321255698,4.625558982874593,-0.4875603368244941,5.643101198231174
10.313239668387133,2.9084725443414605,1.403841431580326,0.8848380688957217,6.306284434011756
9.291910084167444,-2.0123971382326507,1.8819744452998426,2.758038402790551,8.033382113855248
2.141281562471033,-4.421175593448601,2.792382932465915,6.628649384257611,9.55219785114492
-5.988613064783532,-1.9334894539034406,0.314203723505229,8.983812317294326,6.258312529049433
-7.4725680402839085,1.0450263030536682,1.6479916757526845,8.920629483011805,-0.03552099862627972
-2.699296885934816,-0.8642684837756718,2.6780924445006082,8.26338875586548,-5.935982805083367
3.30459688321512,0.6735239854337635,3.0808480746603193,6.9194113718725045,-6.052163871584546
5.512436170894838,5.425764963183403,3.7213963398389938,4.492759298683106,-3.6414606989838747
4.779110780262419,8.986834153012543,2.795246468240398,1.7263531394403127,-1.7545867600926373
4.583704702156535,10.293136181304131,0.30252299905859464,1.0201943857460005,-0.5402330279611054
5.267467404344579,9.411998165197655,-1.7804280387366676,2.7565526255891912,1.460454822022256
7.049960687110006,6.194550732840562,-2.7418527982602354,4.3326473569063975,5.14527833103566
6.30963553078414,-0.2535300756535386,-2.192504807069577,3.8135964077528515,9.612170420237057
0.828194431094456,-3.758045066557479,-0.9817923449585925,2.42385160124519,11.22684929330439
-3.266212666985064,-0.5756705070011825,-0.8693514205606447,1.927610108818221,10.969094374197182
-2.103097859091962,3.6648482001266856,1.0757162402624527,2.492175712623723,10.333108387882655
-0.4428096100609509,5.173964281443319,4.078043717563913,4.696197782264232,8.973761374033392
0.6591503505702383,5.6584001744755685,7.198708796277627,6.2445656266805045,6.397500305451426
1.3431941158507001,6.445636457463321,10.387950833528908,4.881485328114202,2.09921153260292
2.3615355915592047,8.676020067753175,10.313590351534916,-1.2095023537823397,0.8577411842293187
6.031034859490702,10.488284999662431,3.0527329007977126,-5.458143756548898,2.5824512822438637
7.975301644501988,7.612726926713741,-7.094907393688191,-1.7012452478779683,-0.3321779989919744
7.853765191025263,1.0373265632805375,-8.769573932967731,2.7065416881107955,2.197110620576297
6.708597173933065,-5.9663430706447995,-4.948534420491499,-1.2282424366162374,4.593019878834015
4.591028464920123,-7.698822022406266,1.7736152264490137,-1.6483400008783804,3.8616352015694817
2.1905477277439163,-6.0819246861217575,4.615772690915878,3.4331097975110736,4.073195428369573
-0.8305608761726992,-4.667515729910262,2.893421041218478,7.466528253608072,2.9061140254061644
-2.158571227650835,-2.9654629665355605,-0.20209175168226318,8.319433231753164,1.4172277952752739
-2.1798144355723985,-1.4681296051350075,-1.5503644636851346,8.23865161686302,1.2715373995987642
-2.206910510915024,0.06434369659592015,-0.9194338367640585,8.34948108602805,1.4140166211298975
-1.6830267575552071,1.405036303625237,1.3060895516317004,8.367657310641535,0.5103492003524865
-0.4724506288268258,1.940051896696319,3.5519305636850036,7.823044288586995,-1.4144817565312273
1.6759106065672544,3.1030149847964927,5.51060472326351,6.095925347719041,-3.0643702335130922
2.238908208735511,5.642322793813252,6.93268893991466,1.607319316183323,-3.413367391884982
1.0288553327264498,7.631858255302938,5.350082781135045,-3.218930033597933,-1.7296662020140388
1.4758543118688459,8.187519770073004,1.8083954692437265,-5.001744050023365,0.4600132735466849
2.848791504300708,8.19713014534958,-2.6002967830967716,-3.2034826035267963,0.3528410222144652
3.7527066671715676,6.743893871484462,-4.728081030154675,0.9092271840821746,0.5398263615224388
4.827978885239625,4.614246480847344,-4.303361611525954,3.6194344361040094,3.568185070677945
4.755748530559312,0.6470741548545371,-3.283189789413139,3.199947149384109,6.994527298389869
2.727266246252463,-2.22701558095951,-1.9494789916158917,1.4749946737356803,8.713924974764064
0.016003842719661696,-2.5398000897523767,-0.6481291054023197,0.8420938019352292,9.30781909189529
-1.266372228224531,-0.710647265374609,0.1061484385350687,1.3690589246886287,9.232214418005476
-1.432280105226091,1.8322199737705573,1.0349030585297854,2.597266353611885,9.011459389671083
-1.3046149321371634,3.1936473357159283,3.3738790162893957,4.483048437904307,7.865613205341109
-1.2607270719667556,3.9444605192220306,6.195510758197981,6.223594176876219,4.913102272837227
-0.7246236015728289,4.386918495937586,9.41168747845233,5.084912215594237,0.412583080623833
0.2246351456153305,4.510362165310782,10.770022352169859,0.3563526330148456,-1.620698520328546
0.9638698849093976,5.259506044728779,9.34571631312587,-4.041076793028899,1.3965304491706363
5.133299244089914,6.833859717366175,4.962948641546989,-5.000709204528809,4.216717047508677
9.375534089467626,5.332148047237139,-1.969910997230621,-3.811643873459337,2.2379184755513912
10.13226011071304,1.4186431061436542,-4.74945901782948,-1.5156779463049033,-0.4830367651285829
10.011969569346183,-1.1338931528884917,-3.472052607012852,-0.1345292756393453,-0.4141158128043767
9.83699814774294,-1.9705997029300657,-0.21142861351127568,0.45175406442056903,0.7026489540189809
9.77320116204326,-1.384466483405701,2.3082533471724758,1.8637896860770904,2.259983677506426
8.399101626440828,-0.7690522176628901,3.6163076263875515,3.857823797464645,4.798158202258398
5.021240762007335,-0.7959173969145762,4.295481209556829,6.619225282674559,6.71488617008182
-0.09793295399313465,-0.36551613247727166,4.311840579726105,10.039448995253712,5.368945973663822
-1.7351927458229652,0.05449818544577145,4.933784550580696,11.052786400715863,-0.3951478706343641
2.0569402090400475,1.3273337657272946,5.862478774692949,9.42793895503511,-4.968639321168758
4.470159459711208,6.2680384116312835,6.997046966107915,3.7506364182373373,-5.095843286344233
1.4601467652982545,9.979433495014504,4.527243572900516,-3.148325888743063,-3.7310238544526553
-1.1132556875352912,10.111097953060547,0.6993203428660534,-5.232429798438504,-1.1474246327573894
-0.5167249423214781,9.867442641397368,-1.3827578291994533,-3.251727859676425,0.15964175108181322
1.047314990818105,9.980558172443478,-2.2062717547787254,-0.2281224860796352,0.80628781074052
2.9033796269775154,9.461183716608875,-1.753796090959785,2.2112130265179375,2.176139532532597
5.305443495587856,7.4916446115417115,-1.4854584640894581,3.7866571800792745,4.825105924311879
6.492777976625317,3.128141184004894,-1.3835726572189582,4.289438673365312,8.071732622739413
3.4423237285795802,-1.142440137726303,-0.3423508652338262,4.16678771404261,10.831981494435897
-2.124483997918434,-1.109529857330394,-0.011300631908351753,4.487667869380801,10.874463913360165
-4.597377518431584,3.4173859955025105,2.0534998023600806,5.51561492420554,8.624301340861345
-4.241343528072699,4.685212504606,7.499061643775572,6.616032146172484,3.160401958915716
-2.8059221965968937,1.9142849773766102,10.707354365016014,3.756049487711218,-2.817216773593996
-1.4735287059745446,-0.06922372310709368,10.926284784636547,-0.06585189604420794,-3.4358927167188096
-0.5882485299055604,-0.344821884933363,10.910039092504299,-1.2257852933247746,-1.0786926769949412
0.6939969761648761,0.8321621367625728,10.838615963216839,-0.3865628487904757,0.7794540994758465
1.5778798036762178,2.5141453853241953,10.483953161272282,0.311153176379894,1.5685846321107468
3.366337375980497,5.120471739212621,9.753833434151705,-0.5898241886763342,2.4232080657933994
6.043017251723653,7.620675597482515,5.802177834263478,-2.1485105963492153,3.3983858597046983
9.633006179299807,6.884045296056727,-1.287560321854953,-1.961123102439517,2.77767105317933
10.753937015918748,0.8555268065353612,-4.962986384158417,-0.41131571077664253,2.0839589144754727
10.404331927313994,-4.021288232175647,-1.4455120871643106,-0.6440364428721275,2.2093015140273518
9.542315338657428,-3.8540335320733257,3.5339679475204067,1.2309494188239578,2.8479255137530286
7.148241706970926,-1.4718658761903265,6.012976542368874,5.092182192456453,4.5304427333997355
3.8553899036970876,-0.04470257114577056,6.297021696547934,8.719458291173863,4.81533517878569
1.8375916072780334,1.8127186884830284,7.183647141548121,10.071976914931916,1.4136474477621066
3.135000504876058,4.587991860313568,9.50670105586171,6.8192712152358865,-3.2811427869271044
2.019871659413308,8.781639166998879,8.831013251558025,-2.6824844922331126,-3.354301706391687
0.8343346479301811,9.597064978345395,2.8710099871449497,-7.66605808908458,0.5624692739852893
2.724260145469447,9.336082122582596,-4.690493468519127,-4.687491118530661,-0.40989254814267684
2.507810153650952,7.899935464004005,-6.7398535512806825,2.2977853468434533,-0.5235579121506292
3.3464560448114256,6.277936146402582,-4.010792918934661,5.9683281108118775,4.055211405767165
3.1726298061635405,3.642213323205421,-1.5562669055055864,6.128091123132446,8.097660062599358
0.8777112301111643,2.3455576441204706,0.6564631537334719,6.220155187071321,9.891546912269721
-2.058140951875241,3.440461973182419,3.4280534090295256,7.768642646662146,7.905758964688649
-3.217464349297434,3.643300335324111,8.086997500471972,8.326980281539054,1.2390792179719372
-1.1758646584855175,1.8273492109755862,10.548171928106228,3.835777905101651,-5.283344852402213
-0.8307705865470023,1.6123533218217656,10.697005424833662,-2.8882080854448193,-4.0344106304413065
-0.3631411252934634,1.571489931916526,10.137981364770425,-4.23323103789737,1.734504243553601
2.681457332408813,2.979831511280777,9.267303992438821,-1.5513592451407918,5.06667540208024
5.218952118290234,4.7482349703112705,7.7577067586130415,0.7404561820519084,5.905626230926129
8.140745804888333,5.717608741736236,5.355573024452522,1.850373346350385,6.32215091596191
9.51895355132642,3.371717190517222,2.92916058549679,3.511183716278691,7.884507361320375
5.731629265445385,-1.2627129508740773,2.89436950749377,6.320297877647078,10.581000861346977
-3.7804308007039853,-1.0872592699595323,2.550976659705845,10.004905373967198,8.939922686661943
-7.059628013386313,0.6616642231745341,3.884591702588706,10.952208957401853,-0.706135863149536
0.0068041401230517495,-1.576410034355424,3.5384834719926506,9.310619372834271,-7.588805634238667
6.169500681430264,3.5837582001439765,3.8609226568661796,6.720670261245384,-5.9790461724942725
5.96164181997559,9.14277454650835,3.422617251393374,2.6563703798868796,-3.273604501003846
4.35117675319598,11.458724000303697,0.3223763935930727,1.050589535784768,-1.815543492081751
4.297477297029513,11.41423360237531,-1.2223751168896062,2.5314256337375762,0.2716857738925549
5.969432883192632,9.701461515737563,-1.4073337880332366,4.601844060281098,3.560718723772114
7.451456504664042,4.89066259758674,-1.7256256042197828,5.2556889734240855,8.270661877796181
3.751241587335234,-1.59969147952997,-0.7662425314166164,4.705533360199907,11.996958177377635
-2.8430418894756104,-0.6517821298684287,-0.46489454156641014,4.226972678748271,12.127517999865788
-4.470380417147363,4.8414255172200935,2.4148934856230775,5.170656832909098,9.711978246168222
-3.1473281248355596,5.927367976082872,8.366590306223284,6.236702684888972,4.603762971121679
-1.7821814620730987,4.404721747389583,12.326542451200767,2.6320105928406847,-0.8588673750584921
-1.0272341704785726,2.934350899740483,12.626590924391218,-2.0220036550062184,0.1554817039322552
1.0179588566623412,3.272370482119336,11.812918986253758,-1.9307081304613556,3.74931365611062
4.243735899728777,5.496199496087057,10.19290217251422,-0.2004872233040688,5.194693673997124
8.455804054174225,7.528613802596787,5.897050883243184,-0.19642787838916412,5.833688738960944
12.182501629590188,4.531503129045816,-0.29971297110641393,0.29666748029627343,6.023317330000909
11.653036057343655,-3.6940471964539134,0.544010862817093,1.1010210771911844,7.305409703506856
4.769861471076892,-6.80908908229439,4.402763049977235,5.824987251400003,8.804434155671483
-5.765482060367396,-4.5893752129087595,-0.6327263389191763,9.643741931556425,6.015331330833694
-8.14913741551447,0.7445394659233815,-1.8097675734774752,8.89257882150938,1.478332321663804
-5.5653334011602515,1.4748056669312108,1.5982184787768359,8.752182845852097,-3.6455465106032214
-0.11495639172750816,0.11305730383257298,2.7863595379595494,7.715666240072453,-6.591988405970323
4.070072743986141,3.350163476107059,3.765359115792873,5.534009006086928,-5.6016393451338775
3.9467958730308004,7.544595693691246,4.019851257221931,1.7168474326445151,-3.8269203928055076
1.5813629604454047,9.588124258048023,2.183439528285207,-1.2789696176217162,-2.690349209314078
0.4095552816646229,9.911078185398413,0.6572055562459506,-1.586070046854323,-1.3482472763924318
0.297049462463376,9.768678282853644,0.06774706353030191,-0.6443332431304506,-0.39738121266381676
1.3438035801097574,10.006182634688463,-0.07042045426389232,0.08780652696337506,0.6597637328146476
3.2647297825906363,9.671156486786808,-0.5662352176872608,1.22719028882614,1.8252062001357992
5.579533828838059,7.979663173425838,-1.5131149007312805,2.796017848812323,3.6353461737201216
7.213910259924681,3.585574859919701,-2.3452900096892186,3.65323646413566,6.869355986000398
5.12477445083162,-2.488079777391126,-1.2952865797002888,2.8082212683546506,10.08690327011405
-0.7232785686471842,-3.581688040829024,-0.3677298976553597,2.551721155253243,10.492744151924535
-4.063117707099473,0.4148704198946848,-0.30892289138832324,2.624938541534438,10.175698925108838
-2.920243923354894,4.34158345667508,2.5981277668308196,3.872003402508094,8.684691323378333
-1.4751696543205173,5.4489398198519,6.745380932894448,5.133103706874218,5.537925156204649
-0.1032292547992395,5.635602868948747,10.111092530580484,3.9958702489483153,1.6351051220166952
0.8978310898082066,6.670663053656822,10.790743348501199,-0.5734443265167346,0.8031769223271901
4.184395802917125,8.404961218142104,6.949750249667248,-4.389856496104757,3.4008955284834315
8.801021161673445,7.443318084044368,-1.888403479858606,-4.235610979790949,2.3154115481761504
9.606130394873528,2.750949868496847,-7.126373074839848,-0.6847251670088513,-0.2765309747574746
9.458623872278128,-2.6314102475927665,-5.270131683648469,0.19326698172752393,0.8920929681647515
9.138281823374582,-5.055167171287363,-0.04834860910376852,0.0035575941106224807,1.752209461199215
7.94145579486876,-3.4990677224007958,4.225189505823427,2.4190318685059613,2.9298283324803527
6.049885969006437,-1.0788591808923655,5.419779103132471,5.859614342921662,4.048425542702293
3.2968308170316827,0.6326394135708352,6.0816565363788735,8.74924009657198,3.9180198798984502
1.9960232857893176,2.4471435422608434,7.134064931063148,9.583628039397194,0.6298973497638334
3.026314905640055,5.446237458754421,9.410588495893938,5.353546123855911,-2.865427302334716
1.9370694515789282,9.21094896401858,8.017579774970768,-3.2313665946735117,-2.4790384640815666
1.8171943151962684,9.838833962400173,1.375764229210218,-6.795067690627788,0.38594380287859054
2.6816289526168773,9.335116930121076,-5.34281474132804,-2.9721020462379757,-0.765709038592067
2.914723604422741,8.016913467793156,-5.753231440185677,3.5625963386899304,0.5396888755945479
3.7542917951288683,5.95562912746277,-3.272935234364437,6.1444391818208,5.396443795237032
3.2167462264890045,3.1277129790196563,-0.8411443847171513,5.913822713182058,9.053417492445789
0.12858287934509288,2.256715382980792,1.0730555447218624,6.530793383613338,9.981587608598725
-2.7509544768292193,3.4692486765047543,4.254560747151859,8.36168697344954,6.982708500293948
-3.212388667713805,2.978553898062368,8.919771222066409,7.981864943985032,-0.7541917771179101
-0.6828836868970057,1.4052064417026537,10.614521235321472,2.3765066462509656,-5.923495517830617
-0.7757195500360711,1.546551380385077,10.443133544865823,-3.7644635151390218,-3.5455742689217074
-0.03312250914818311,1.7076798068835415,9.812105793210492,-4.241454611620928,2.1683887708732703
2.7275086277690215,2.92672763828718,9.022640698002126,-1.340728791306446,5.275767747025402
5.548249359105246,4.826896665522421,7.394172079473703,0.9089608825844121,5.7014862857660145
8.06131373401084,5.4875857622451605,5.032146737688562,2.133562751124264,6.498070180473965
9.276692126987824,3.125257278031821,2.833014430834969,3.7898134045586773,8.12828227960979
5.217505755270921,-1.267220270659038,3.0799260097753436,6.761369673902058,10.634398342549629
-4.15228200084277,-0.7726778484236432,2.583677890118015,10.279440358894103,8.290387704237238
-6.449651959989637,0.41161096558698423,4.314398594218139,10.992859855288344,-1.4078663870184918
1.0301560556878209,-1.2632541386476126,3.4881824560770998,9.300754459810408,-7.694508086008236
6.458822892238063,4.172944207969827,4.22717036161694,6.273565306034164,-5.562405636883698
5.539260105801798,9.71783634721991,3.1857583623176824,2.312572000324355,-3.3310916592968
3.6196620418911207,11.792316811995535,0.0605912751193487,0.8288072401601289,-1.7478765638607998
3.3445066055097032,11.685311379544647,-1.0206604266558912,2.3356866465292314,-0.10804056928541812
4.858175401934746,10.77186644750884,-0.7653593290935667,3.990057117411555,2.4710536480242182
7.378084919299976,7.831111448201838,-1.0841622195338703,4.812466173035779,6.122096195734366
6.691445902171609,1.0995949479385114,-1.1394029706634536,5.0552908424696295,10.55578797844345
-0.03270117381024791,-2.471453701623246,-0.44674976086824836,4.781936814969862,12.85178717935797
-4.887869840732246,2.204397032339118,0.34419200780352993,4.779970205557548,11.023019438275071
-4.46842446603393,5.834055724841228,6.0292911990721185,6.173684090188174,6.77603213417129
-2.903557561818079,4.214542597349384,11.401764290932107,4.460677784106056,0.03818578347859374
-2.0622203131948993,1.627589621046394,12.547073184728166,-0.18630036189042315,-1.8841106749685603
-1.1374220586728783,0.3761287101037672,12.28607075510135,-1.2499642242052351,0.6542119288193724
0.029235039899337102,0.8679321386257985,12.336491511595229,1.1369631257077848,1.6257546033764234
1.0878882384077715,2.3085056738719416,12.306372826743013,1.3685254036357986,0.688382776449503
1.963525416051516,4.711948782335645,11.494207035327141,-0.7876608396262669,1.1531320394765272
4.946594639010401,7.383374475033396,8.098193442410551,-3.5434244434306392,3.4956810792614847
9.274501208063182,7.6868359120637955,-0.5402444250726115,-3.960047733916237,2.899119033082441
10.462568158307139,2.9935569619113847,-6.278714534557484,-1.1146162214009818,0.23960332544335722
10.183277707343793,-2.687896106386621,-4.707958737248152,-0.18267281682617142,0.6925538399507806
10.101319199962143,-4.4495064936267825,0.6169116879499852,-0.05208837458944146,1.2189449274373463
9.157677166156894,-2.2634903314830854,4.4066527101332635,2.6476267339092554,2.6393307246713253
7.556585129227222,0.08559589677539446,5.654664475915244,5.256759593153462,4.588561166198395
4.697750442607813,1.3537377645265474,6.08507683704936,8.11516104644706,5.353605040589026
2.3118277840619297,2.7730924342320185,7.555162538533876,9.759948840985933,2.9752197628526256
2.564397016638595,5.274873483652641,10.132039062162441,6.739108629400171,-1.9313490243475295
1.8216131553371404,8.929640588497232,9.528922228051982,-2.9920894725448104,-2.2624456223085487
2.5307137843907124,9.932671816816152,2.2296665825091986,-7.808738241721823,1.2251428982604338
3.528840759913105,8.937570815019514,-6.295041993091326,-3.80708152298522,-1.1774048849988388
3.3845730018372913,7.178503945511912,-7.236417265260153,3.7942987911896653,0.27837156253411455
3.6593302195736728,4.421746212388437,-4.489316226030883,6.150947694837057,6.190343030833697
1.9824894855589408,1.4076117673943465,-2.5547142634036635,4.63197271006969,10.028380767632456
0.016258877490176127,1.1165975777904258,-1.0482656685659901,3.74426328682038,10.950890792123904
-0.9115390560948144,2.97444988520975,0.9063320836622365,4.076206552190989,10.753147388241834
-1.2979733336332329,4.429626625922322,4.0633771668182295,6.092344920811724,9.01717583198068
-1.5731894431102416,5.033451441034992,8.25959822694268,7.2128936941660315,4.080447254804717
-0.7775266020282333,4.494142047595283,11.649460709848142,3.6799216246332214,-1.6326663778743986
-0.5027307718385928,4.319811583072235,11.521196457866345,-2.940931429960987,-0.7883350537418876
2.378110081818019,5.342014164142045,9.267574878550056,-4.638050856501674,4.164853129581038
8.396414461255684,6.045141201400135,3.9507694892201832,-3.6444134325223008,5.5793099145120895
12.169875608286011,2.5924422638166016,-1.590756283234855,-2.6062878087872345,3.166130081812871
12.520953815208383,-1.125486549203386,-1.186022577402034,-1.6467557134690451,0.9906848284547919
12.101658197321928,-0.6403524948474162,1.5342258783579972,-0.48414330600589495,0.8579935103362953
11.80475627623902,1.1998712105873897,2.011497502925956,0.6883478050899278,1.8493838919351342
11.65416427715749,0.6232541242584273,1.7307430411899116,1.9159025533261032,3.966064314301426
9.672508157073782,-1.5718628248065059,2.713354899088222,3.987128401886702,7.094346727183854
2.8662834107020827,-3.432536951689836,3.499768294129773,8.143085537906153,8.680562900243567
-5.397908349104621,-1.6717938437569413,1.1464049274676704,10.665686803403485,4.857289017422383
-5.665729261808051,-0.35424799670028634,1.3986085402499655,10.765271746458838,-2.000044705564533
0.0737827076702619,-0.5256014926318582,1.263002431859442,10.36336735742568,-4.988575717882831
4.678585070225302,1.9629727094269838,2.5090879212280184,9.507712840697932,-2.6358671315715054
5.78867054625092,5.25033816305568,4.431801497243207,7.779481612757859,0.09683496511029255
6.196905740609515,7.882577044307351,5.242349621306703,5.553168966880005,1.8610125627594252
7.730323310281837,9.239573841341505,3.4526903133968174,3.2441987517817705,3.462822783622201
10.429252579457454,6.470072518280217,-0.41767149952123606,3.2978281965670364,6.08527109942894
9.035232984757922,-2.5920896688677733,-0.9024709570075519,3.0383041622163303,10.333848663729583
-0.6152114005896917,-6.298456213166893,0.5556815940804863,4.122204687107044,11.60930405413211
-7.513538382903245,0.7403209170796685,-1.0523561299133644,3.8462869668787345,9.73646456378309
-5.863525769449957,6.418496129227471,4.300126827834365,4.56968250038219,6.80063919321868
-3.4273853734162114,5.728778073177052,10.028814951156095,3.520309662559056,2.137136302305711
-1.730136958197562,3.7942380680264156,11.863655129487753,0.20672472071557008,0.7815590949112583
-0.060498259974630264,3.417678548222831,11.90625270281393,-0.9184997316610888,2.396023227809121
2.2522070457607413,4.505602300078,11.107369760809675,-0.42038665859775237,4.031714268444062
5.798798686960061,7.027613133451886,8.218792661166177,-0.9392845865849425,4.768890924522382
10.359534938327762,7.384011055267218,1.8669976189310893,-1.06387169223704,5.058262117955599
12.638301793100183,0.7349490082165862,-2.8373487258217462,-0.26615724090819726,4.5566556202686
11.49481125507228,-5.029015600786238,2.0072524742903375,0.1415404025494325,4.714354207452794
7.394963024910332,-4.682408300004803,6.009859312041393,5.367635695185224,6.185339592672327
0.6360087238149985,-3.207070446121158,4.868597135878055,11.250779445106684,4.525193401264877
-1.8408652744319545,-2.2125976373701675,1.9673947244810692,12.750646050581198,-0.05011295768189551
0.5893104523342001,-1.1241199016927532,0.6234018657000711,12.68588254329933,-1.0869818481795335
1.698318335141839,0.06520749867797697,0.8375375178716478,12.329220830258869,1.0425416825157403
1.03024703759571,1.2479474275806464,2.3275652112669727,12.540366678392365,1.4273050950059847
1.171742766845231,2.173608235381023,4.8264131046502605,11.667851580757642,-0.7676422169430275
3.629239149397503,4.753038009227409,7.5083828382636275,8.100873408178952,-3.5348674740550607
2.720166568198826,9.699379468388479,8.011878191947558,-0.5570553904008737,-4.010690598260407
0.12414058041808101,10.388895302449091,2.6416410242484547,-6.340528906796887,-1.0327090988322207
0.6238864808329927,10.495290571839652,-3.1823983103241793,-4.5785045797286665,-0.10082192460425196
1.3320990246620057,10.229514722651832,-4.49615306655829,0.9234063531351685,-0.05486642544421508
2.6892805044096364,9.146353820225512,-2.0860990159764654,4.396499111766376,2.3935638286737184
4.721341832445019,7.577342363425454,0.263686317829517,5.4543383715288645,5.441639294592023
5.339431868774052,4.99469950343827,1.324070657269825,6.127420398158875,8.213299476838161
2.7750219096941144,2.366127075585413,3.0079134273675754,7.539421713836585,9.79044501230479
-2.0469733319099865,2.7443693248577947,5.619170831398651,10.327607696302513,6.238494752935552
-2.0624953167696347,1.868390177373261,9.083457635453101,9.289810564448077,-3.3478912455239818
1.2239616069757155,2.757152903579457,10.278823764317087,1.7803006825539553,-7.747772359324517
-1.5573436104737164,3.7553966007374884,9.12550433708073,-6.607711988578234,-3.0602132065751
0.5085442783397485,3.325540161791776,7.039446680719791,-6.926041429761279,4.644176945271722
6.784011764146024,3.958375699003982,3.75084738949108,-4.323009970870139,6.259090766452291
10.315510309784477,1.595287769364923,1.3541497792608594,-2.368945234086829,4.643742338829711
11.252966844386517,-0.578764875606287,1.5262537903089426,-0.8311480142682969,3.5609538785547517
10.693012888752508,-1.0614487515496691,3.268146847074029,1.35503196572122,4.560894990592534
8.09466012833074,-1.347738156909826,4.495167508151892,4.734609219827956,6.556663819900694
2.6812689020946747,-1.2692611699039464,5.0122809901119245,9.318732243934324,7.209124720253431
-2.1945681510566053,-0.6016872520024893,4.424168363618582,12.036810728601555,2.0909040431412564
0.4844301241907036,-0.4153588848522154,4.523497002191301,11.459132875173172,-3.938965987150451
5.134752370318006,3.436409765098149,5.7681525684708665,8.467975304399374,-4.2604817281936365
5.341498119008141,9.638244640496437,5.687342630217493,2.294780140778506,-3.4748512146934964
2.930495742415054,12.194927283639156,1.3163345697380344,-1.8685000902053164,-2.0891707963168766
1.1158443509330258,12.428019976364846,-1.4886100332115049,-0.3917629411153283,-1.0900617122529463
1.0158246207130248,12.03087518427885,-0.19089116141724632,2.324731034359325,-0.10518175577428138
2.6445001226933043,11.765193221992858,1.3378157749670787,2.293251235230987,1.1911147543405745
5.122497021507459,11.125861846524572,0.03962962076852347,2.172517008901212,2.7660571621286345
8.051311511960586,7.875353003893061,-2.6190001251075823,3.6239759550534387,5.5259642684892265
8.26401824431267,-0.7322952296329728,-3.104973785743981,2.7595732849081034,9.56703780059229
2.031389553034477,-6.243351532616647,-0.3614879604867033,1.160486932513095,11.050958131603442
-4.035999494087263,-3.1893162462777767,-0.7524456161247686,1.406347849322179,10.840897580393266
-4.352571746106189,2.690499643841009,0.43968910493687574,1.6191052445931196,10.23247875320703
-0.8228349588622504,5.625606086604868,3.6649402759459493,3.3985767446173125,9.035324333636831
1.6133980996534802,5.8870199855965035,5.9744275887586,5.002974425168735,7.439366477808833
2.8000504458454145,6.667696683970299,8.60237803284828,5.27780389040682,4.738635805786864
4.588577820828616,8.783843081014082,8.881204882868632,2.4286344352345184,3.2786150875672946
8.209264345249274,10.750358577878352,3.177534376878856,-1.1559096022906556,3.5726554880445476
11.656696571293654,5.852564072101748,-5.4686262187663015,0.4702175138106425,3.54162590445848
11.136509496173666,-5.1270710308742995,-4.099063812396388,-0.8889600575518575,4.626859489297861
8.494516266922805,-7.437994982441739,4.704307462683502,0.9156906937819829,4.231132575081139
3.9010831041132596,-4.856564066699799,6.491283052028588,8.181554796357718,4.663919364167557
0.04733277305118638,-3.17738888151069,3.577007922134304,11.898324095127034,1.79862521442714
0.19870065058423236,-1.9613682556704655,1.3989803554612885,12.40066608936432,-0.3463626067673333
0.9773314092043403,-0.7972706700159398,0.7348300442780706,12.231285338260166,0.8292256527570766
0.6465130228107512,0.3496589922223266,1.4930512276301742,12.156707919676222,1.3373769358310061
0.461241508301053,1.2524930197052797,3.3340498244555343,12.115552005489429,-0.1252568712596966
2.223976806371908,2.8250452963818566,5.50048584777549,10.43248417287879,-2.318401604258706
4.110511961473061,7.11861812429549,7.993024366447269,4.968346726380694,-3.836766071191507
1.7978843108417764,10.589071018860118,5.688234247478689,-3.6836148294000197,-2.6370380557071607
0.4106971879234842,11.129191364133792,-0.22680163442702447,-5.448526011321423,-0.6237023455995823
0.42411342323335127,10.90491115937128,-3.4756228225388934,-1.5437159993963416,-0.6178449999730782
1.3954726296977997,10.350850653821295,-2.4477315068932604,2.552380975354785,0.7897448868427739
3.419503448723779,9.635112389991564,0.10902283143678705,4.309228598720771,2.8562848949948254
5.8066304574000505,8.180816993572178,0.8824417092117594,4.609365058302241,5.648433570756045
7.3370705770019855,4.3159417888433556,0.5407976252457303,5.137066019450319,8.526782532900137
3.5668336918229477,-0.167469873222557,1.3176511842775154,6.4131861047933825,11.34396064650655
-3.5931269906459002,0.6832555095292421,2.185258830433243,8.183396984098351,9.825042646469887
-6.6221121888776935,2.632107747546958,6.352900522789441,9.590950021714676,1.3185092144529962
-1.8547033214546214,-1.4220414290699115,7.353523964092235,6.512036795266129,-7.533633394114812
3.0125413269236843,1.5113683230263868,7.177561498029965,1.536876742805933,-8.627959739591722
0.19163275906108063,4.91314390053075,5.981974195298259,-4.944731074373111,-5.814796653899462
-2.3780195385678833,4.159105279938252,4.386008959360765,-7.41657466818863,0.03162719986985167
1.4665421729943693,4.682999679046054,2.217152073126317,-6.483410182993103,3.4852445802363707
5.512487118615557,4.176404317333391,-0.9236726562064912,-4.978487659187288,2.5075461927241713
6.907679241146551,2.4596143514958464,-3.0862801757960545,-3.046084360223647,0.0922677662133783
6.883488130302956,1.430661807979786,-3.4537759609245784,-0.9073074704087547,-0.9408361810674833
7.2793756680675505,0.40037603700659674,-2.664185663453191,0.41231300435763024,-0.057028347742872305
7.361911088262662,-0.7672319252573521,-1.3226117027310411,1.2614010003117109,1.567445823211578
6.868581453458724,-1.9467234723005753,0.38920459206708485,1.7783066282842495,3.683562356073103
5.03634311492528,-2.755965086812544,1.9872077254703515,3.777919233558484,5.55008556639832
1.3106650260706476,-2.4106625382792055,2.5495346062202495,5.94739201550738,6.178511539839596
-2.6212420054679595,-1.0781422443871078,1.7380396140119443,7.793591694334921,4.461078235516731
-3.803813183251208,0.1357473731715125,2.3436866131127463,8.724989988637809,0.6951507466461074
-1.233964280094795,0.13050254852753437,3.1161637175383357,8.601056686060922,-2.7739237672871795
2.2375215056533806,1.6076812488578454,4.307946063677388,6.916128093814805,-4.103634754366451
3.863742529693345,5.097527120227737,5.480649403122361,3.9387573626056476,-3.403890527319951
2.822023050652908,8.529384893334477,4.693665378640724,-0.3737347687294984,-2.535328605819079
1.6770797007769853,9.518287634416833,1.4557498868652523,-2.6163242770070063,-1.0270996646716468
1.629160271408049,9.617332221935753,-1.3208697130705356,-1.355993418646197,-0.48763236474264937
2.1690186583501743,9.381340535287551,-2.0478310557443145,1.4293536459693958,0.5038452343971513
3.8784974072771616,8.581755502905173,-1.4008466634155565,3.165106097885478,2.5309279957940434
5.90995575854798,6.34180464365574,-0.9099360431846915,4.471763170879139,5.53573218566778
5.785836640769232,2.0149839381831613,-0.5274174749133944,4.866031500688942,9.020821565087736
1.5837183089459508,-1.2739781626185516,0.3426877875612822,5.092971079769372,10.980393020498923
-3.8132581641788885,1.0731989918733291,1.1553697144208546,6.270903813283841,9.597957017622305
-5.233438843857304,3.814385460786194,5.035623345901091,7.453908127285348,4.440598512645087
-3.9684483086526354,0.9876209617684604,8.985037391346884,5.770461420083338,-3.364095907826002
-0.5225516888596884,-1.1222694867059333,9.232251934331806,1.5510671393685207,-6.586062232607962
0.5935995434985082,0.40153019472669493,9.326097500847737,-2.1022849639672807,-4.528645815777726
0.5705766876304939,1.699867727517455,8.725685820117155,-4.344704128303866,-0.38202151110825316
2.547946483771868,3.4037475256790914,7.607794770850214,-3.4239941825518647,3.4077910618364005
6.052097103450721,4.823851397053475,5.037466533331551,-2.161331733908929,4.553221236476052
9.031440731938552,4.3084637874367715,1.4972905948594302,-1.0277492987787078,4.467791456199224
10.467631696289244,0.5865452776559332,-0.17087422583832143,0.08048672785705055,4.664900376485522
9.567802401621385,-2.969837030017157,2.075689817009213,1.4744044694486924,5.450476982521365
5.129455922205403,-4.098759115116149,4.30265006778928,5.441155474536518,7.226719711456438
-1.8539651620306326,-3.079159797762622,2.2923977909822084,9.64909529379119,5.64485564490526
-4.913744701042496,-1.1926359927959649,0.5119934459974382,10.699168327920518,0.9190480945786402
-2.5067942366691174,-0.35591456249495,0.3133194141007695,10.299048826632829,-2.1429022467402166
1.1858036510725858,0.3195494577797203,1.083644770757558,10.125534042811099,-2.27922039347371
3.200979527941552,1.9799722244598126,2.692172127860528,9.76799362533627,-0.5205820568312712
4.120664288020432,4.147544104658417,5.050347683864105,8.691703176381072,0.3065849456366794
4.589870280809888,7.041911647210405,7.082914484235417,5.492362785148475,-0.09312197590016019
4.9453294894031945,10.45473468117811,5.536285781919389,0.2813778320937958,0.29505074178215973
6.414567820644946,11.330440294575501,-1.313541342281577,-1.1284894969186212,0.769051540760785
7.724472944401425,7.375345499204885,-5.839655145057688,2.850920844793609,2.831429676665565
7.827351829846441,-1.4909196745311188,-5.797865081373579,2.1491189495528165,7.992225059928098
3.9600230751011996,-7.109211628894224,-1.381237206394852,-1.6883941934944997,8.486807561085616
-0.35734979651685506,-7.03029974414642,1.7204476662894546,0.14768789308325983,8.269101475038312
-4.759145221176411,-3.539935101106744,0.39944530156571706,2.600583955881756,7.81335869351692
-6.177148136138608,1.6071895767664401,0.549082320389415,3.4854013219798623,6.208059189546414
-4.938524372637801,3.833902622339046,4.412029492670231,4.371148711614423,3.459513288700829
-3.776779676903792,2.553328883876768,7.715203788158987,3.8771755184017245,-0.1596276957891462
-2.0673893977212896,0.45780992102795137,8.912377515960642,2.0803533168998656,-2.49058285556355
-0.6916461533101705,-0.1606083768861433,8.876361932234957,0.7141827501940129,-2.5531651871533865
0.2050787413724819,0.6526137259209295,8.912386918001562,-0.3117737416574248,-1.3283023823772482
0.99888661678188,2.259213563013505,8.920713775401408,-1.004950176331975,0.07831173661548371
2.3895445061632015,4.040979348344689,7.985912376936599,-1.5932092030723723,2.130208231966022
5.123869755507645,6.0222133545693515,5.3870856644194625,-1.9328745477530995,3.3552520649483752
8.375521245598655,6.018380022878826,0.5866499676346126,-1.8529484972485248,3.244772805854479
9.972228574416642,2.3818046780375957,-3.023457171472888,-0.6538469541656438,2.663920097797218
10.106572248880555,-2.321835300148667,-1.7143750776553695,-0.30128755240771976,3.139629087333156
8.991601434063185,-3.7900898583559584,2.482268853528709,1.1110211515111192,3.7679923045490513
6.121332601033914,-3.026623057744572,4.813880729696492,4.969720907561709,5.33289939913709
1.4852769045831935,-1.984215674893605,4.70155510641782,9.150192914306771,4.900924153372596
-1.1556035260123863,-0.9869508598431844,3.7173949658372134,11.105921831830047,1.1116579050049813
0.7506405750079215,0.07847429618165422,3.444325217807582,10.823712693581726,-2.2503049910234174
3.923016748284102,2.7050193642884794,4.784076081049257,9.083633247887429,-2.591973432285691
5.217271091018162,6.996525051621367,6.516733396882947,5.167124946616051,-2.19180430344776
4.684851299748676,10.895836501603986,4.192564671696159,-0.03839896452369718,-1.0181860760075259
4.36477581335915,11.738032426436456,-1.3503794161830167,-0.8868537751837579,-0.486266058294043
4.892735934416314,10.273504314293223,-3.8278730844019493,3.347536051542855,1.5121693880896538
6.64580406978892,5.934426684030073,-3.2903520644818034,5.39655638983146,6.389112650016623
4.700815480214858,-0.28155195098292374,-2.373438153418559,4.321367440969056,11.220599157137714
-0.5641547365080335,-1.8506779715586061,-1.3914077241627714,2.4795199372338086,12.270441350701919
-2.345343832890136,1.8943524713063262,-0.3742919618008722,1.964639885759436,11.935552880423536
-0.4525561607940104,4.213836626684793,1.8413998896773949,3.3449224007755882,11.27189113877066
0.23455000948474103,4.691626055800595,4.548263722429042,5.8706506656306985,9.764441576096305
-0.4298945204166647,5.08589785313595,8.166335948900667,8.010568623603902,5.376873825804024
0.2577827234943293,5.418663568921247,11.902309674914646,4.607773156358214,-1.1495127089313357
0.22618848899139105,6.252302139025072,11.645798376327763,-3.6501142485150857,-0.5809193272375481
4.277184861154274,7.386840411185947,6.928751569245885,-6.698742445791607,4.6080247767408755
9.911460966936609,6.157628196990793,-1.9688259766295206,-5.507396036600311,2.06439348045821
9.928113898385478,2.071963061569161,-6.5292579916194065,-1.841000589750867,-2.4184127444674473
9.657789283562751,-0.6250661010531804,-5.644558418363373,1.2308395284778757,-1.4807990133835445
9.715203167967463,-3.726545501669234,-2.4813524713705886,1.1479875182053214,1.3487517651276544
8.138778542460436,-4.558332304501114,1.811397047022181,2.076125083679498,3.4131017674351747
4.9102138928906225,-3.990025477576136,3.835034744041848,5.428412095041476,5.0245522424167515
-0.06395674843641422,-3.0219092198123105,3.043018502945974,8.931310548877548,4.868841754327612
-2.85033757559123,-1.5282559030564666,1.149729509464481,10.260435109462682,1.9266069050278358
-1.81424559823595,-0.6785676227987161,0.6786437450977454,10.339713781821194,-0.9417412167898743
0.5343740444528251,0.2830493964785572,1.30880928946654,10.185153669039513,-1.3932494051318292
2.371025879353018,1.896578316319132,2.995769163119662,9.66475891183759,-0.8872323481021942
3.376463298195816,4.040890385734469,5.2161820053451775,8.259683055002368,-0.6738133457622859
4.35510569410116,7.175815027873515,6.938220125776163,4.432106224979021,-0.8637593430246808
4.310586281526642,10.475251114006067,4.718201689658016,-0.8575894636561205,-0.4277235336938384
4.815394219059328,11.067578990934935,-1.450806866529777,-1.5981896998823366,0.07813821859547232
5.655036719445176,9.1088442698235,-5.048957006493813,2.7270645443046684,1.4851728191560958
6.712428197870626,3.6329195314073424,-4.8976418904542,4.588466673727621,6.956073754217219
4.025145592016299,-2.8809854659774214,-3.550998631152637,1.5894417373410918,10.481266901400845
0.3361905830137396,-4.4964826905869435,-1.5337115947866713,-0.8158005849631189,10.573758773304107
-1.0058843086183988,-2.3589334343829322,-0.09837224387285236,-0.8136092891113949,10.55949306688338
-0.8093607399242214,-0.11543070873463379,0.9279995639906342,0.6546281813099084,10.480092558254329
-0.7843018991290601,1.3469735485593355,1.712559936421838,2.567586070739302,10.006717568989254
-1.1436726941574993,2.940614633274496,3.639322961794454,5.057042147929265,8.818040482270968
-2.122850741808972,3.801165518128148,6.790137085673972,7.072248261401834,4.874307371695363
-1.3927563498061777,3.1257502519358082,9.987185506292143,5.687851965376936,-1.5709945381245252
-0.5393766584445225,2.9451847522186165,11.23593266632068,-0.13169174923488708,-3.5736223843139028
-0.42414546382711754,2.87318784037906,10.400263047459799,-4.182104172556403,0.5788933950943269
2.7568870118473883,4.1368068376525065,8.545370784591059,-3.455283430637782,4.605671854992126
7.166169099927024,5.259516461076166,5.311303956011748,-1.7460754060159176,5.583047970692784
10.660350602284298,3.4247287764017345,1.203849887381656,-0.4603415839634448,5.659744376932822
10.928729600234398,-1.5923234878841033,1.0505385936367033,0.7827183135226359,6.455815934270919
6.859697161826498,-4.61351251754557,3.6775097408364146,4.304256708916142,8.181300278872998
-1.7715498913536765,-4.239002241572645,2.4848350497569105,9.468976031282766,7.135290364883736
-6.404780908871755,-1.1109987349963715,-0.527882896717964,10.16730873809302,2.0643373403282474
-4.672283093649628,0.019064465853920125,0.13169996879763252,10.246845000239064,-2.660553873295657
0.34679157468013,0.05820482531312615,1.0734960923215515,9.888870842138516,-3.9547357833574486
3.8093443882836993,2.1052224889406457,2.5856427309654273,9.191259055305276,-2.0243256276924844
4.9664118187438095,4.943701795631103,4.570349337796722,7.724649271518886,-0.22915006647700298
5.46754246127755,7.9709315149198305,5.803645168038396,4.862796257242441,0.8196489796645849
6.799752380084374,10.123733090978368,3.620415332560343,1.5981133617729197,1.9956823930160552
9.214629922430444,8.559116522522512,-1.9725163779831931,1.642816667936529,3.706945316146919
10.08107537434842,-0.0233707113354404,-4.395106858998989,1.927363980919686,6.993059865145876
5.841605802979783,-7.580309707431483,0.443190814199082,0.2545579300404227,8.566414482897564
-1.7453227848898005,-7.518557127594606,1.3240659950445537,3.701633553566665,8.542717943830356
-7.3651844048998845,-1.7918270120133342,-1.8024569117617009,4.091921237435352,6.801870366758955
-6.867513121135362,4.369055710022284,1.0769414193443303,3.9920411480142795,4.859034883125824
-4.889287101539589,4.571289390249386,6.870253185951677,3.70542877217266,1.503685603461094
-3.5802597622109364,1.831157117758607,9.15924776302887,1.8538924502665104,-0.9737247229319562
-2.3161851811784615,-0.3006009919300163,9.463453656049632,0.9025153237554656,-1.4926325314731177
-0.8062223351057877,-0.8371790099922068,9.314511055219247,1.2560171046903992,-1.4055416209175378
0.45176216507487976,-0.06190701629579971,9.291762325810419,1.137334636975241,-1.4730032820487948
1.2218133525967185,1.9374995679096239,9.450413393187928,-0.008487254316575363,-0.8916149301230727
2.091103949238179,4.198182037495611,8.590338921391227,-1.8629673738745196,0.6815178940017054
4.3601713664645585,6.296650516261171,5.933368861435884,-3.3409195083950705,2.3969418101396083
7.490094105897456,6.73023650914135,0.4067873050210846,-3.2333578466952004,2.45675248529402
8.920929740263428,3.6136721173295445,-4.489883614617419,-1.1280477687714652,1.005027037823515
8.86525766950431,-0.8533005949488867,-4.477757955150766,0.059887596287478556,1.5269888260974513
8.633670353269952,-3.7262053080450004,-0.9710794633956967,0.06052593578760771,2.3724801950155094
7.364881577930191,-3.8304072195843055,3.0376811456392523,2.010194269706889,3.416174433260366
4.928024744854157,-2.5811921209552455,4.698027691526443,5.654678727941937,4.78118888598411
1.0717608956904143,-1.439070416981128,4.252507156569868,8.711848058293171,4.316435523862593
-0.6957653107817857,-0.3361609874189956,3.929369844046555,10.46878242121147,0.754571595352769
1.4023149374399408,0.723043353995337,4.790523790699652,9.98339782316366,-2.505639104539791
3.817344575709131,3.8246292691377524,6.110981684327591,7.36079699747655,-3.1288070592316384
4.0071592880879,8.400289897904287,6.4304713353354925,1.7238839711309313,-2.98949995780125
2.397194253135021,10.925371266569563,2.7138428963199486,-3.0603392458930037,-1.780877717192973
1.4474376788645151,11.165358790701516,-1.7318806846796253,-2.2246620701498103,-0.9158365960465276
1.5952496076455118,10.752210444388249,-2.1516861359477426,1.7646954835524213,-0.08817732066779174
3.3373003549563447,10.176093825332376,-0.2746387956819106,3.629487814409618,1.8977913739684589
5.292657483360165,8.837530094680448,0.4704699323195918,4.12804075823895,4.261686851679735
7.408094792971316,5.69311151640228,-0.19983332628330946,4.643197336781995,7.3727125633345825
5.569977637810195,-0.08966218600174589,0.14604294020459035,5.180410092914162,10.82238043429961
-1.7707510740030588,-1.2282260968024827,0.5899074227796021,6.2564172126968485,11.621055524458916
-6.344033988371461,3.443658009747416,3.1329209115624983,7.750078675671212,7.377570942303895
-5.817777257354632,2.338712702935248,8.550149876101914,7.126890219546538,-1.5247171553497214
-1.788730627130507,-2.0412637074691724,9.05677378456351,3.3284341449322783,-7.157909116278328
1.5864730205231017,-0.4224078230076949,8.68719351877902,-0.6392784959504906,-6.7471912667975555
0.6782203002557309,2.3196789559287647,8.247980590506723,-4.839885869484155,-3.0890342600678595
1.3370248600563666,3.5074335709373754,6.548970255829811,-5.848627050336807,1.5849792001626035
4.7743013596807895,4.564475864196177,3.91034408606399,-4.934269738090227,3.805020255367673
8.36788031581421,4.022706853382011,-0.07710977912743291,-3.470273436827623,2.5129681655678993
9.07398699096834,1.8837486362700493,-2.5813899245748577,-2.06102118829677,0.4925180653311811
9.343425174292664,0.061244734805459944,-2.5773029553324074,-0.6325818663580921,-0.013506682739356526
9.252828754687838,-0.6951372269615848,-1.0170115988214288,0.35902610478948915,0.7985791637192757
9.053619558166716,-1.0543647178247482,0.3525432274820199,1.2450881747931828,2.40341570395922
8.207310499200075,-1.5898985181183865,2.266571290489276,2.730194208610788,4.338291072041443
5.1844960280018535,-1.8529621052199925,3.5550100951621646,5.603540990865613,6.126182176247038
0.11992423626946394,-1.6490745673261487,3.569156182934223,8.889205005258171,5.859561474245188
-2.9631976592073532,-0.19972665335262973,3.1634780547738655,10.387423970186823,1.489622599176876
-0.9698686356838646,-0.14983984662048896,3.3723337359453223,10.360265972666179,-2.9573107004954364
3.419895578226837,1.9059845301382508,4.3899967013590135,8.439153946653963,-3.9487794894039054
5.177852299478646,6.364077454583438,5.517688839320678,4.773622578911437,-3.003110538330417
4.155318987249145,10.18500420436649,3.896727880453347,0.028060999641005096,-1.9097058201420596
3.24840522637817,11.374556937729915,-0.394962189106745,-1.3489363228760578,-0.8068556007757267
3.264566732193282,10.829163309683526,-2.551006114072304,1.6722757335308986,0.18256097799574317
4.929174025157772,9.452291359836243,-2.0098810855505365,4.687293441440076,3.0223891341783693
6.503530352577611,5.596682160473688,-1.2169369706187858,5.419108800988187,7.315533604881876
4.388504763998486,0.5832274977571202,-0.3682735837008669,5.3784106931875115,11.061066987896938
-1.8017025080421663,-0.05093010460938123,0.3820261076462753,5.758879172474588,11.435627665612246
