2.4871980695237244,-4.705541458056717,-1.2929211272965884,0.8587739515083549,10.341507689448623
-1.9468474619059828,-3.558984660872026,-0.5441312664812389,0.3710062182248123,10.251686378863797
-3.0788414612530417,0.7740251906170503,-0.06511175191966555,1.1115339681502077,10.159718928991008
-0.9903438689692509,3.400194280168616,1.6133659650046142,2.232558620737154,9.623705545491822
0.45498606848628176,4.3544267272840935,4.122222563322264,4.590187333470461,8.60754609840532
0.3405811539657945,4.977361143505157,6.921113985261924,6.416230402245266,5.817038067723374
0.9013808730751223,5.553945032236254,10.025320297605216,5.777762508781133,1.437619731190839
1.5512188294931806,7.399201706486006,10.953943061953103,-0.6000105734686199,-0.2035038802827949
4.094210698176143,9.210492038074735,5.885262576644764,-5.7415287520315035,2.6881157567683998
7.693072679236828,8.222430019790465,-3.945894416339051,-4.5525760727359925,0.5913259306786411
7.156339825529086,4.0980468377757635,-8.597650552127968,1.3744057318833232,-0.5398586884932741
7.281687096729911,-2.4805184944131073,-7.262049162701428,1.859600236217016,3.7123911628342894
5.307471865005842,-6.84751932109355,-2.4024753408490738,-1.8895229332983452,4.488326838124187
3.711608274033069,-6.855547118748753,2.7212873847488646,-0.11334559650155102,4.167688344455518
0.5951457079602753,-5.438884331598343,3.6734495036915797,4.464447970351392,4.3171435396998055
-2.187238103313159,-3.7703563322359845,1.115186430030168,6.885632147377704,3.0567419383378374
-3.344554723651958,-1.8768766652983553,-0.7760208449268298,7.286674076127186,1.7560232106435436
-2.8246007003011084,-0.10381404686467045,-0.6929656390975302,7.4826915904261595,0.7535265321868838
-2.052506804083646,0.781218849030253,0.7511900908559376,7.799713468739113,-0.06067939696202621
-0.45706762339335183,1.509849891468951,2.6290638864944786,7.509782674444174,-1.3852719606436543
1.4907850999906098,2.6560562850959575,4.722980510692631,6.423140817070675,-2.4116387991422497
2.473420938938319,4.813481161127023,6.198487636621461,3.3953242763906,-2.858875192672606
1.8847136560300908,7.342599636789599,5.54870448024138,-1.084791501546546,-2.0648380199693475
1.9645960959917053,8.65424978144924,2.5427766208474814,-3.923753229290538,-0.2375261459783124
2.4933587054436277,8.835725428850576,-1.452960184611562,-2.7065979413598065,0.13551219258573047
3.65656013651275,8.018931430998167,-3.9309462398918313,0.5846532332865625,0.6713677705906709
4.855217466034774,5.813328672528565,-3.8490879910343945,3.4097338544815834,3.3748046930787243
5.018402815471727,1.9449029001133258,-3.0444164197797576,3.74216896170909,7.0445578231742525
3.0267237673269682,-1.7481273137862718,-1.6193015700619486,2.4093956412477286,9.37269433396784
-0.2983314129896659,-2.0091800953576753,-0.8567934134234367,1.8636873465521073,10.085086799416334
-2.0677330288957947,0.24285108956479862,-0.11739390423057006,2.1217195623427876,9.714195693755345
-1.5377989723105037,2.9595825131130282,1.753046528507678,3.228108371527318,9.042885271832754
-1.309466912559887,4.23752806142413,4.269895420361665,5.275783546851015,7.49073019385853
-0.9090855073661724,4.812258894840012,7.804893180030124,6.242469916648795,3.525644638101236
0.09379057015349097,4.912076570614094,10.894442495165347,3.3019489649202614,-0.5925955022710994
0.6487936483230701,5.989201090646895,10.542254397794634,-2.608234864520781,0.014887534771790965
3.7609377823068364,7.19005861942301,6.507953370100916,-5.331729447519688,3.676036096971175
8.631953443400644,6.552977016493719,-1.3918109939279368,-4.6538749839743945,2.5260986906479133
9.443709423344679,2.7964621412317796,-5.911450918678899,-1.5892126489151877,-0.9557196412946027
9.270564602111376,-1.1514324323268437,-5.28422599925982,0.291934574875661,-0.41067194442136906
9.322530982991447,-3.8624627110972263,-1.7763324615629017,0.3940521038212127,1.2177645254410434
8.36324781075922,-3.8317421418954836,2.60181366767848,1.541952929755574,2.736258231856183
6.317318861144928,-2.36634775391155,4.456288249114311,4.8082362534112475,4.464656073175713
2.870620896865197,-1.3049870545491364,4.7956943321451755,8.208407782061673,4.83843381075303
-0.14315608824890372,-0.08535733519427786,4.607953039285014,10.316812686476387,2.0086682698033806
0.9419415887576882,0.6544798747322167,5.373822180849943,10.209536581137325,-2.145904321063769
3.7457436480349675,4.138026341405918,7.098826555908151,6.889824129157687,-4.045685641636558
3.035385550106835,8.804940465186377,6.819668212747002,-0.3037802493468298,-3.905772407715026
0.5077475732036634,10.377048075856496,2.4266547353518173,-5.085978248583495,-1.6644569479819316
0.05930996444068362,10.206596323245298,-1.6184831584483341,-3.9034858337277365,-0.3066134862157653
0.9057971635327765,10.03980407587018,-2.8358039684631744,0.00916461084365532,0.07348214903670107
2.3590156069399826,9.882884696186345,-1.6069850426265153,2.9489842106325934,1.7345482392460312
4.345229048005055,8.571274235748941,0.11375381484408525,4.084809672477535,3.872341804626832
6.349887658785598,5.925423548558389,0.09780674911929618,4.701119488121255,6.635413601829204
5.652333452136169,1.735000590037881,0.5011854573309962,5.1640540709968334,9.974702089623356
0.10227679518439355,-0.6584634495114485,1.3278931643030043,6.773413421797182,11.0813873909778
-5.323060380784299,2.2744961663539947,3.0329079610511513,8.466675554075405,7.20041843122287
-5.489385558984771,1.7550415031738686,7.491046653370909,8.180747330522763,-2.027407534294653
-0.4121253522755987,-1.3012291995194465,7.624241985870008,4.450895636229723,-7.9144591793854
2.1148213208102162,1.9450310726228461,7.807043538336251,-0.865576213370611,-7.4924513916312065
-0.7031783427510421,3.89194896402374,6.406202812001098,-5.8783717810430405,-3.293477109360497
-0.19537775657294887,3.855770063076271,4.934274171877502,-6.759154976784106,2.160462713598467
4.391201004700021,4.2103521855059505,2.3089701875712505,-5.25973936492687,3.720249254458594
7.3321737630763595,3.270159252165715,-0.9383016062631848,-3.8495101741644357,2.1723716666586323
7.911286028064654,1.9205617072560812,-2.552235870990835,-2.496039079009791,-0.007918496156833793
8.009635429299836,0.9986264775672116,-2.662035967091641,-0.683240067058233,-0.6212885333286767
8.24911099276482,0.06436141914714597,-1.8272726236275072,0.42613771906238607,0.3955063270855942
8.144843078963088,-0.7773597770814153,-0.5052483436294609,1.4978172699521932,1.9165891722263622
7.5135683671858535,-1.9909792434064362,1.294632414457956,2.305431247958793,4.18609425522164
5.099933815376415,-2.6009897489319456,2.714344857018161,4.627256688052884,5.912954635428368
0.32440874711310885,-2.169565969602085,2.5132966206495477,7.276753668262177,6.1900973106673085
-3.331078714564842,-0.8166129266817956,1.9942252379640832,9.004839131827726,3.228940503565433
-2.9381526558393185,-0.018003689720726045,2.3855823778229333,9.350751733754617,-1.2060326427678432
0.5295070657794115,0.41790744476739,3.120284076625159,8.57803934307684,-3.713571341079853
3.8379831335609316,2.947928117631759,4.363866523156233,6.880791027422187,-3.2822447448028775
4.5412422000778685,6.810707189199094,5.188597584385326,3.2901037787747502,-2.5289650065691056
3.557478920024372,10.053703277653028,3.2996122786979463,-0.5969399773822155,-1.3423974126411604
3.1737854358997404,10.39484872809236,-0.6027997871999577,-1.0860599969076556,-0.6497301869244646
3.6647891323785555,10.059214996674557,-2.623748645290413,1.733177496580295,0.587454645441604
5.330107539227614,8.095721325545426,-2.3329383459690214,4.45003679151276,3.629465383545646
6.3408675860963495,3.69962875732764,-1.8444721871898,5.134889073634153,7.953903629307523
3.033040935872431,-0.885929572555233,-0.8675850013287205,4.463357274323438,11.089062879922778
-2.3321385918992945,-0.3308391472718867,-0.19090542480253037,4.248571731825098,11.358487426968328
-3.8105936201098944,3.8977614534256793,2.227068403078486,5.156449059433067,9.357881518499012
-3.4757425347125204,5.219079119249875,7.363260805931231,6.4639325833143815,4.5455279856448945
-2.0822107389816793,3.5161189138156423,11.482566968721493,3.6747702750996885,-1.3659409321161424
-1.4479640076304012,1.7447624688170764,11.885206646403988,-0.9259733770672867,-1.92230314746065
-0.4077634508872615,1.4132683166926836,11.708656801174959,-1.7440143614696426,1.3999102226853246
1.1375193180518475,2.337943523438393,11.180573106293913,-6.801187825646038e-05,3.1549020890966286
2.987624353652235,4.8749839934868895,10.562124423125585,0.703572542048505,3.300548085642339
6.046973315117676,7.679605808361695,7.6157392448191725,-0.8824512368845266,3.7790915542310524
9.926736988345251,8.005708906812798,0.7958343799547335,-1.6803086182271563,3.890689065887996
12.024618343732618,1.0868765864058776,-4.283210731878678,-0.4258445193103649,3.5230357881179546
11.455119043031956,-4.967881014939348,-0.2553822695894923,-0.997895374370745,3.314163733004597
9.498770450288063,-4.151536918593087,5.477866641306075,2.710705750675774,4.088649681745857
5.670426362529461,-1.696677005856097,6.595095755950441,8.024625473776315,5.1565336727223245
1.5369049579222898,0.052382992424761035,6.699385720571826,11.365497067098877,2.4621871313209853
2.467355100630242,2.304009346161799,7.785195794165975,10.611977031792309,-2.4738813312140198
4.0122834911527425,7.23216858440176,9.019011887625515,3.2376529566900887,-4.8830189602036
0.3814679515849725,10.446550723723869,5.183797152132919,-5.932081508986881,-2.405770572432443
0.034359989729835005,10.372333882569723,-1.2905093808867916,-6.666630370971141,0.06078348773842726
0.8028857626411314,10.247377993492869,-4.9461834149666775,-1.6824825184639876,-0.3701337244465085
1.7288294526140708,9.711699274264143,-3.4568418819132667,3.6618541617802465,1.1250619887242383
3.414517698878627,8.557381671214133,-0.2640309291865079,5.365367387218842,4.0456405261786745
5.087476474502759,6.778942951712154,1.5887342305481411,5.921716349642085,6.4284924468863895
5.047745642960594,4.215037447277032,2.7911634746784046,6.546524464050582,8.645182478316439
1.7063205945898068,2.7324601082611792,4.681882380941783,9.064315249417497,8.85085817647588
-1.4715277820788124,3.21653203500588,8.264225262428907,10.833206629830027,2.4775234136083255
0.22079988594386543,3.0946585909493445,11.257708796083888,5.439817860358618,-5.71486894783956
-0.6669632550218514,4.57481187663367,11.009408996293528,-5.129459309808881,-4.291872513682102
0.4000890984767971,4.087176196500379,8.527491950644949,-7.473536428818248,3.9709132072294913
7.081911089968707,4.437753634615499,4.359410137490381,-4.911726585513972,6.428978149509968
11.312953325786781,1.8831897598375322,0.8157875010916509,-3.026280241203261,4.432404344234835
11.980417717386073,-0.3553626375247453,0.8038033301294808,-1.6927851613202254,2.3313538769844233
12.01200183531324,-0.16000625106691702,2.0767826535410663,-0.1686817897831759,2.2649316291621333
11.59643803119059,0.5982021250148358,2.4333352143623816,1.4364347269045268,3.546878072386871
10.346248128370584,-0.7699648780556108,3.3250324819326575,3.387882541375169,6.1079452590915615
5.2668286202947625,-2.45834131552265,4.081203928782051,7.431639289980595,8.267249589509216
-3.040659950764113,-1.6361382735045589,2.9520667162423337,11.217957727803363,5.745342122448161
-4.288858778344471,-0.7383661235130088,2.23264308160477,11.979199080128069,-1.6156309822536499
1.4527480395048247,-0.35175313727628166,1.7297456679043033,11.183151292844787,-4.446219006231811
5.324564976492998,2.4029478302611893,3.1262551777494334,10.284057781465977,-1.590444718852427
6.100538221596283,5.328839805241862,5.134961137492231,8.584113798953563,1.0432043032905558
6.195578692479268,8.433133059675992,6.385059261549421,5.886890358440504,1.891634551557139
7.9846145038933765,10.292560782835269,3.9459959418237904,2.594975819392968,3.1570646521811643
11.205444500672835,7.268639872343877,-1.9245418451831093,2.5064156041865058,5.6514740355954665
10.221930862850513,-3.9055893215684563,-2.265352986173327,1.398966874414618,9.284379214616784
1.7843804089591764,-8.75329037949575,1.8591973944516453,2.924785038228528,10.188262587950023
-7.527933879280592,-3.5528530989799543,-1.8947496349380335,4.380439124330758,8.601730640435626
-7.726170025579591,5.0488264162712655,0.4113054155103883,3.627483702083216,6.575095975777755
-4.972879452904522,6.490381320340209,6.997618225733192,3.348662997433949,3.067318122046435
-2.966506093835386,3.889269825076378,10.4797646410363,1.2549909679314544,0.896408550750313
-1.341753735317158,2.17386021476296,11.395517116637288,-0.09360371093630426,1.334937263878872
-0.2561798393448975,2.0099958081505096,11.173328777577145,0.4778145073958591,1.980981785589393
1.1231095999733633,3.157990109199046,11.432948281949365,0.6835348919454327,2.028138317235871
2.923968723635937,5.7833539071074025,10.35869193317319,-0.7840758368990333,2.733136607424017
6.1026812085440865,8.074844160178849,6.134138763441227,-2.4428049810103984,3.895983571885108
10.269062528422449,6.795470157067849,-2.0721059567650038,-2.071293565715673,2.8255660889378564
11.442471846253367,0.23349269141333118,-5.115916864433488,-0.5926153480768669,1.960718934874701
10.818337080617013,-4.2692900174235975,-0.9400892263854439,-0.9028784036647175,1.5601385534835464
10.28192873164794,-2.8799334948781445,4.075191570938149,1.2892416909176738,2.3707657435933767
8.887526177004519,-0.15216764330162535,5.511607761529123,4.429506532378081,4.093164033350378
6.599133294087442,1.5019959217977612,5.837485905975817,6.986546139426492,5.882604709773989
3.358636186953242,2.475072786185628,6.94854352434081,9.566183609953422,5.258973030635314
2.04058140270951,4.194958633901182,9.679925566915717,9.275554514086949,0.14516318328517808
2.3991629811500683,7.915489424515877,11.217765513285086,0.9819425690558947,-3.513296635598322
1.5309167748673758,9.765321257357101,6.037623642534672,-7.559942362668934,0.8314864007307364
4.234829512177673,9.57564065939137,-3.9619316302075775,-6.692044242508706,-0.042467199771472244
3.331432472146259,7.494643309931356,-8.398574169326317,1.4517860161071143,-1.5881719477744431
4.080708773614439,4.827726944537436,-5.990812474539953,6.231537320516836,4.180751509975048
2.579169506436438,1.4025449010067648,-3.714503679284733,4.81412008632296,9.13157691298417
0.5472799830245597,0.5682056830804738,-2.260619790656728,2.7049779709866186,10.850285995800556
0.005975882388110337,1.4994289801999003,-0.9310230432074769,1.8852573198172153,11.202457898930758
0.8653878767657589,1.7975236109937118,0.22494288849815497,2.1666083654542954,11.260045382685536
0.31101037085929734,1.5140267290908622,1.4398063655630449,3.7631384041333384,11.075752012834549
-1.3851082872782978,2.86024204625851,3.3383128005316896,6.20855329959481,9.51849621881995
-3.0032702201140977,3.875320833564703,7.481901840844018,8.14773667180552,4.025698572860585
-1.6379675713906392,2.2594591787860705,10.605136840678506,5.488573071527609,-3.5045825872047947
-0.627437910649483,1.5809242490731708,11.094125604485914,-1.152461944255988,-4.592416770291032
-0.45658721529467794,1.6662882981308471,10.522684859260451,-4.331825873737193,0.1738799753812024
1.9939737297607802,2.8043237601479563,9.914816719042623,-2.2421503382618853,4.566346315503765
4.937125779585476,4.770317831413114,8.14406029796916,0.4028253193712523,5.544930201346623
7.760266880230053,5.955491425102196,5.753699816584763,1.4164072236119807,6.030857030297787
10.04976120084641,4.1749165974001095,2.606721754548923,2.7879787627716084,7.250120667929711
7.8192014047296965,-1.4755183701321313,2.3476073187000717,5.092558893537234,10.034249514738665
-1.973597266835061,-2.872339785006693,1.9084886527634217,8.790503962522097,10.528750386132865
-8.06455871637669,1.388750441818831,2.0785524079562383,9.96701158786097,3.633431744397294
-5.1745490405379675,-0.8879311832700526,3.982716279743322,9.15138261809725,-5.677958146647935
3.3430839663783023,-0.579446718280479,3.3773815156358116,6.9674192026732635,-7.722797300164856
6.135439346259853,5.80570602214159,3.7591836799914766,4.183902804644392,-5.27204061239975
4.537519449989982,9.787963554648536,2.010033224751233,1.3068457207925557,-3.3833544880402866
2.647369407338664,10.954647086216672,0.08503171538922204,0.8690629207823178,-1.8055623916464854
2.446933642243223,11.25921230771837,-0.01018178454721591,1.8561403697890275,-0.3074452075133925
3.425250700732541,11.07898651314149,0.23194486995793576,2.2994169450769038,1.2137551310094472
5.637647975447247,9.90881796812141,-0.5882125908444502,3.2087584230456674,3.3106533439301793
7.837181435183958,5.359810983399635,-1.8746899087116282,4.102403751871964,7.129847832391869
5.90538438273167,-1.9813780303239668,-1.4714442198628142,3.3044917737619546,10.880660935096628
-1.1168215934451013,-3.8356715475657364,-0.5826170492725413,2.789005437921964,12.038706267227047
-4.626839960154816,1.5051361368276817,-0.3290123290687579,2.693569173421895,10.936202107085425
-2.679710497604013,5.519456850590485,3.2166153893007876,4.007420856699828,9.217209425787795
-0.41150090011815355,6.273637013803449,7.42733508618785,5.2606779615207095,6.204668792713751
1.2946782728371042,7.034950541179954,10.625518884922704,3.4488375803291387,2.697592396006277
3.502873059651168,9.093936007177334,9.160145992957792,-1.5800969181929247,2.3091730407737443
7.90623063172009,10.094833998334423,0.6445907680972287,-4.238434980415548,2.932628577054847
9.63713438367165,5.026311752065856,-7.598707828994902,-0.13729139326847675,0.5063838913995986
9.5067934180493,-3.0721950408355534,-7.02728262366725,0.3852497970528171,2.676751825707113
8.334574550394954,-7.271902381190215,0.25537472652165505,-1.4393961164893116,2.323699709634268
6.871036276990087,-4.941466556464109,5.725329700705135,2.7306675773898728,3.076879712958634
4.644527461946017,-1.7835168535275252,6.4953007993253955,7.258966440631628,3.264662035834149
2.6987409533614914,0.6224803070331751,6.56401865158824,9.622806784964071,1.256600207501939
3.4643434934470143,3.582316899099736,7.9512159234554005,8.207646044184097,-1.2012761094392237
3.912792993990087,8.15421201919153,8.525025058569895,1.4109659844897569,-2.7125672927986706
2.30708982180818,10.765795364440464,3.6304277132369065,-5.110403790876722,-0.83666510809115
2.3730193259528973,10.73442589573654,-3.3394483603961373,-3.434277313557212,-0.8659960933575973
2.056974773123035,10.155970298235326,-4.5426232715424275,2.6328851022348,-0.0462471470555032
3.3933747461163577,8.880670601345724,-1.6010246206482561,5.43079061441607,3.3958057983965433
4.939492394359333,6.926529990320078,1.057736225019853,6.357011604248476,6.600015873917699
4.751748869102987,4.288922064282375,2.7283192584869456,6.947332613405728,8.844431126098252
1.090584060032559,3.167990455681354,4.82002846301122,9.316864406275995,8.525245164555203
-1.2886220597425764,3.381125717081409,8.865354511304226,10.451627202179054,1.5504134068217788
0.501541720269976,3.4227012322914767,11.452712486531528,3.8902039771750463,-5.947920432805934
-1.1913808748104422,4.23337610473193,10.833399950137586,-6.022535336750157,-2.6560035538711975
1.3928616090077286,4.0443245391921,8.333452062025538,-6.7907961469552935,5.26210385892947
8.402365126487373,4.291826778748216,4.065103532728436,-3.979743523483347,6.464227961909805
11.70490501451706,1.3466840897251406,0.8591434846389835,-1.8480851903094746,4.565534269713882
12.075953734664981,-1.1355034596770746,2.067363145918206,-0.604239736935916,3.753397806045156
10.935879530820479,-1.3286171778967384,4.163081802792775,2.0375726159467473,4.8442426466509385
7.849350951396005,-1.356790686597464,5.325687293116513,6.141932263849067,7.238311702891246
1.0133958920453803,-1.1247285864533036,5.220630866511109,11.092340848726364,6.484472680707587
-1.898969259823388,-0.4126234329708455,4.960177024842916,12.74791217693418,-0.49581367728986114
3.1583671081899634,0.9574380440848032,5.2479917461018895,10.858242558025262,-5.017500782920927
5.718432422826412,7.029316536838756,6.552811147250772,5.718624894803677,-4.393970196109168
3.51791239035399,12.022960667404405,3.756337620991181,-1.4640507091495645,-3.1277767369485643
0.3092753672611882,12.821538844078535,-0.5006303391453324,-2.218038001387013,-2.021487366396129
-0.6713797641207828,12.439699853341818,-0.4512042671155703,-0.019245413201216338,-0.9478667271658153
0.1269138588293533,11.984651349882592,1.5379668053930353,0.4040977791041408,-0.038221371535916815
1.5541199870422198,12.056906125940303,1.4209186225794799,-0.7366103259729578,1.0726609093991528
3.76362041102961,11.470901550689678,-1.1375567922014442,0.22783842750052147,1.8485256309361302
6.3585096222893345,8.660081417014116,-3.797893824577483,2.817736845429555,3.765786033323834
7.413598598078505,1.4683198821639973,-4.3803064087135875,3.318880341730183,8.378863178415632
3.8810029948825457,-5.339669314442353,-2.2273262511869767,0.2943804795349871,10.04509660166087
-0.8769740986227804,-5.413775919244114,0.0404956559908664,0.10371527934481012,9.860404408078669
-3.813146223489128,-1.5854822017452,0.1876505389532468,1.1013192819912814,9.935857766223528
-2.9524168939181337,2.8396145039015166,1.527535330881878,2.1599937445641753,9.26315701225139
-1.0530320461913978,4.842314321935464,4.261724138798245,4.096285142057479,7.584733144591192
-0.03498115416587794,5.455573524389627,7.604614382318544,5.293986923631585,4.849832529512949
1.0110194791918277,6.262459019408557,10.06768291629325,3.3518700505905725,1.4316965951195986
2.6079266575533104,7.907663744375963,9.502255072460269,-1.6849361870113317,1.47196815756037
6.225906380781346,9.862052573031278,2.674004649506414,-4.589585365516266,3.0742699059770313
8.635903576167044,6.9439673880896615,-6.08498165207828,-1.75080614022424,0.172621069076431
8.66423119235436,0.3296963275452269,-7.698582253982565,1.5077244171902016,1.6041383565563931
7.750760548675169,-6.018577433343643,-3.397671592403726,-0.8396467337368694,3.0482140830386237
6.3717914631082095,-6.680767451987044,2.68907257535175,0.1438396641355369,3.152666458333527
3.938410058470778,-4.713117547417637,5.1763708085223925,4.977952552701255,3.906260072931504
0.9130668575448674,-2.8414348140756154,4.201633674153017,8.521062575365233,2.6711992747796667
-0.178934136110102,-1.5853419695572617,2.5431686066869092,10.023399353921516,0.714196608037143
0.7586432323781371,-0.5797141684324989,2.0594990583165536,10.258748538946627,-0.3858967455193938
2.202588539471314,0.9812966811033985,3.0933921976740244,10.203064594225838,-0.6600317035156572
3.3257346423885186,2.9284847219876187,4.824099082042294,9.236576328423954,-0.5544992420978347
4.10347459391585,5.882361398000307,7.19006117934628,6.23583135737165,-1.314470873935624
3.9122853274618112,9.750929343343278,6.613814291910053,0.2307914546558528,-1.2998766990393882
3.6187587070712826,11.439895979065682,0.6734097544600067,-3.0009125375492753,-0.1815490170298009
3.8541569387019092,10.698011339444708,-4.406129904659393,0.7451834670510333,-0.17330730662799465
5.2506011483283865,8.11908388994585,-4.399418896345039,5.023109650081405,3.737660773403652
5.531014269909123,3.0460642927937913,-2.994187630683455,5.409031784957361,9.040934598405508
1.7474517244644217,-1.2717334455344866,-1.729983005587665,3.7436467640237945,11.852298543802453
-1.6847407760267865,0.20217301055778322,-0.997991295994768,2.537707211634749,11.790791513405805
-1.6142106126976694,3.3853124728684327,1.1352236564026161,3.304866959411088,11.259779728664485
-0.5592568673047246,4.747035731314727,3.719518920863487,5.364476686765419,9.614604583589632
-0.3657931752905441,5.239001929942721,7.990580506322024,7.203572629685661,5.889802734989747
0.1409687822529906,5.448768452953181,11.57366713179031,4.739824065735424,0.03786447892393137
0.6131037328567743,6.4967899056161675,11.887157692267484,-2.612639771087484,-0.5448188753050932
4.002444967191888,7.76961668117754,6.979147535265809,-6.237303333240317,4.113894333880044
9.523610509943296,6.622606907044556,-2.560356988289826,-5.316475543174944,1.871262727004939
9.387775659793213,2.393567424572929,-7.2747887359481425,-1.250454188880955,-2.071673679704258
9.496288857265553,-1.2928407207890467,-6.030517431383695,1.5170006053492715,-0.4877047523915898
8.980429987154377,-4.728762221588606,-1.7198476504636153,0.6774702517989277,1.8317477209367918
7.797286098317062,-4.989765561787407,2.7523400266637648,2.168975820018395,3.353017522763165
4.539977163178929,-3.3294534923749897,4.643187589770276,6.113811704662378,4.633125792703458
0.4348973653035288,-2.5304697046716393,3.4466378272240528,9.44445721913996,3.7432565378884948
-1.4456145339754585,-1.2188912048744929,2.041361659885955,10.619867831253517,0.901448720997801
0.1721930809147471,-0.17625775447672595,2.1298299610019034,10.608117435084393,-1.3628195165641062
2.422890703808118,1.1175458468309394,3.123484473344562,9.902055075256445,-1.5631700247547755
4.11914228890989,3.732121151108037,5.134144641606243,8.573100225886277,-1.042452856644387
4.611694355767219,7.545544712349778,6.602232755473817,4.899145371628576,-1.0614587969364804
4.506677372088064,10.843623215740243,4.537300689879038,-0.6905051183061777,-0.40616151798459393
4.987747449149849,11.471544371837217,-1.759020379116933,-1.0230188695410278,-0.16688624593666113
6.169244514669757,8.687227375423195,-5.1427835805950135,3.298772101408577,2.176544152732363
6.755231992851752,2.1834479794220463,-4.834296182820328,4.437214354372324,8.06538345063538
3.2083390322407803,-4.035495655384454,-3.0364249337240037,0.6984511644461779,10.803012976721112
-0.34775906597223993,-4.592131861881306,-0.9975159049377916,-1.2262073587836664,10.606863629476063
-1.4640273402026724,-1.9206967308999836,-0.006972259617780474,-0.6939598133573496,10.59455376080666
-1.3062341023678696,0.25778316454586647,1.1454918735379267,0.9657032273858295,10.465117957211888
-0.7865168704949946,2.0500613296487145,2.3121352050087634,3.1395466983854927,9.746236759927957
-1.1791036769298486,3.4854780541521584,4.565691820348151,5.761217568855259,8.107104203568149
-2.0251354334919105,3.9158769278635663,7.939400806850767,7.192100035327693,3.199821485029066
-0.8424247278309279,3.49687846679174,10.872968148353937,4.023714757665801,-2.4310154981484873
-0.3892483566519807,3.2771716051723785,11.071051103242102,-2.1561873660857396,-2.230553077645265
0.8862954344757348,3.6315356493091544,9.83553904229547,-4.357978864474899,2.6901423645158893
5.275446441587561,5.138444580764682,6.880772946629189,-3.145527605243727,5.745444463502623
9.951920647087078,4.785848646692251,1.7581673087628884,-1.9420578671831463,5.128725124299727
11.924428377991564,0.33097716932468774,-0.6957984118967586,-0.6660717931378122,4.498778970015145
10.951344440103776,-2.849879106979179,2.2016307190773348,0.5421041711234494,4.924393153121173
7.546288904673813,-3.2887644453259743,5.235840406684505,5.024776791615682,6.308131914827658
1.2672423493603986,-2.7236560097545337,4.913437196729972,10.133476392196522,6.034580403679308
-2.5162652054477825,-1.6915551375071955,2.7232498434080026,12.258297655962835,1.0121419583879188
0.27172411437667254,-0.8469959422169511,1.7740583655621558,12.214352363878604,-2.495908122448739
3.7924666436484626,1.2001529490566356,2.565562177325032,11.376662654766095,-1.455827627837427
4.44426672202754,3.479031364974546,4.799794653648444,10.465422676034544,0.49998596423748126
4.883375179227906,6.5247372085805475,7.261340293354199,7.78887215157184,0.20629018141061206
5.081905450535113,10.329581027639087,7.306640082553284,1.4573243713908866,-0.09145244247339585
6.023827534943044,12.492389385561607,0.20256179076000386,-2.0215513815304798,0.3752033298382144
7.071470286307273,9.485291890765794,-6.39646046302238,2.674710318213687,1.6595030758718872
7.490787868860563,1.5348289204690868,-6.397935661841198,4.061088252724057,7.952584929328909
3.731038102197537,-5.954585656063246,-3.718543362639884,-1.4279203836768424,10.156922824146953
0.5739994044737767,-6.756623327751792,0.5366743018714772,-2.42913763491122,9.320210967034807
-2.697604678372724,-4.105580009693162,1.4525794772469172,0.7753886102039426,9.408737407823484
-5.175836620566157,0.1747016931507908,1.0276591105041089,2.886632766954164,8.434438647723237
-4.863664789026896,3.4387086551446115,3.9763145901756447,4.577621241696594,5.7708214918408975
-3.875024990092414,3.1994367685478267,7.8793815863102,5.048252147667611,1.4008857014121097
-2.462609292005823,0.9423813203517016,9.499569315486557,2.949567229653042,-2.3949018697311395
-1.065936108931317,-0.10722935816264909,9.760413038970134,0.4783685411899145,-3.28773826986698
-0.031870429548275805,0.45208130558367854,9.65312861130893,-1.071451857787003,-1.4313951079250538
1.132749877395087,1.9698743578599505,9.511070663389868,-1.468733952905645,0.6574110919269642
2.558611318093413,3.8523101304112077,8.803405499924855,-1.2006744695136446,2.487891313998935
5.0928597507305255,5.904946789811627,6.056619250286959,-1.4139374180555138,3.882090773774746
8.820493103827515,6.28019078320073,1.4515126876396114,-1.1804782818102586,3.973916578140292
10.801801815644755,2.0554229866556732,-2.234097986644466,-0.5397993919134432,3.850447029648196
10.53049201879795,-2.892623823359828,-0.521380454376856,-0.011477448554350435,4.153330822249028
8.007480736648999,-4.255036116740235,3.887458575403333,2.6331258304696723,5.101246303205686
3.0300363962241406,-3.739880460642759,4.7170211654738425,7.489809041378698,5.983092433513241
-2.067768639748299,-2.477288715288905,2.6131816840058604,10.811549285920057,2.9830273535729948
-2.224840049476597,-1.3522022050067692,0.831559452246817,11.285811820877571,-0.33880406731524393
0.5436213823881785,-0.49664836095389897,0.522987788361922,11.148967633712576,-1.2973663594570137
1.9344444462255326,0.8229631291977543,1.6391416182231764,11.012552304815419,0.10538647996582898
2.5353687275384074,1.8787698346900412,3.716443675531745,10.403654852147271,0.7293375828578413
2.8011529119430407,3.988632195531231,6.439346095301357,9.225424467579202,-0.6372425881342096
3.793945667459683,7.547785623124952,8.257034026870578,3.9489355858618906,-2.31639818958342
2.5691238926264908,10.834434564345218,5.371395224547272,-3.41238172283249,-1.3845980431821439
2.619443697212804,11.201452485298567,-1.6715718510819213,-4.409990432806244,-0.4996051842604944
2.116518188918007,10.238840993523615,-4.72440285156643,0.9774015950704558,-0.30054835411903386
3.6831328387101254,8.989538520168082,-2.783524239536537,5.2050822766054266,2.8372805037761584
4.930253057204629,6.3904558479877425,-0.3559988583869179,6.153924548478273,6.801172360543598
3.7459463042487036,3.087977942261868,1.3875040430351018,6.854926353004217,9.794188941926947
-0.845067839636157,2.596518723600797,3.507717876411156,8.95809691289297,9.172057437213223
-3.5055485091893512,3.0152278187393673,7.738041944209022,10.185275213592718,1.6364929600357634
-0.4491724673793618,1.1686239180692204,10.092831041789067,5.599403186134651,-6.956393318270273
0.09367748378897972,2.7900483212317955,10.006968382191438,-3.1159053790884443,-6.320231326461174
-1.1670247696005849,2.332316649332469,8.716149656191615,-6.736592002763382,1.0383312693799847
3.109901383752813,3.308728651235969,7.286165577866415,-4.620467093600922,6.057470721584315
7.621241663769032,3.423368077199302,4.5966053244318354,-1.5426438928639086,6.643865619056308
9.406903460441239,1.3141373252945578,3.049473227241497,1.1453139202968075,6.908514405604638
7.622682351355292,-1.7581026711390497,3.5191089530500688,4.5409794554408975,8.667859634585149
-0.06941689474381459,-2.4437658035193675,3.5448367936119594,8.93902600578352,8.47098252859812
-5.689477404888731,-0.43364760740405844,2.381373418778542,11.05964703815209,2.517961379631659
-2.7246935950206197,-0.824487461412413,2.2830351793772667,10.819890938361773,-4.337217172543614
3.6751124687575905,0.45869915308869935,2.2279674228416635,9.908582295755563,-4.08179984841438
6.222431636397714,4.086169803932899,3.7010706427215814,8.526109436991032,-0.9772004117001357
6.4491367985192385,7.1796854318011345,4.768817340353665,6.406515325830253,1.4111348657840528
7.683195150017983,8.933941718328896,3.6958025905163083,3.8570839815306117,3.392510701107415
10.083061929424732,6.660130716062528,0.34606723736897504,3.8429271166022767,6.4338446203233035
8.627950327374215,-1.601270852113033,-0.43401667057571724,4.129107316392883,10.743466072179029
-0.976265126307013,-5.280650986204652,0.19305753314572832,4.8862391492048225,12.227664393185961
-7.461588883456023,1.9775870085254623,-0.3891573991257852,4.726213860715654,9.75020378788626
-5.824068096194487,6.171084823449459,5.933210123742015,5.27668457257183,5.1824038021521215
-4.323495408449706,3.099258426040456,11.184654331452652,3.070724181419009,-0.3937170362592429
-2.825576465596547,-0.7505961629795461,11.962208501770922,0.6208994936351093,-2.1203562610730486
-1.1542793604905797,-2.2458819135800487,11.362984365055148,1.4897853009427093,-1.940509079019751
0.8092870868414364,-1.4489272063891523,10.605196028699787,1.726546796147162,-2.8051442567353813
1.963157409477384,1.662463019678572,10.510859355679955,-0.13229318788529873,-2.4245127687749264
2.2524169044730535,4.581237386243114,9.178400006630296,-3.5328216695115144,0.04580375127583758
4.555673600333521,6.799754757189105,5.172997795194968,-5.066014289707317,2.746589933788517
7.857607543341413,6.331616935169839,-1.715878289044089,-4.182766300998984,1.317870722854665
8.254146933044293,3.3240935484428533,-5.666675325285116,-0.7978952053844504,-1.1036962081695312
8.179366358356356,-0.4594600636587863,-5.341229477426149,1.191503993878832,0.8089935908198502
7.849367832117539,-3.9716021775266634,-2.5740468733500235,0.5304984701560457,2.624722022654142
6.219470394568159,-5.163870291763484,1.8615677626127496,1.5954103020883283,3.6776022537593107
3.367126274180253,-4.267943604278478,3.478316116794135,4.642530705809986,5.017564221527801
-0.6416997117130113,-3.2475976088810743,2.3344655661830735,7.667530625575249,4.257679661815868
-2.9544273240087287,-1.7088250873023738,0.6759734752901055,8.812850213894912,2.1027383989658173
-2.364324923086578,-0.4363192848385801,0.5702924323034103,9.080262446662417,-0.024746166365595415
-0.6001761826812028,0.24161290748710146,1.498874415336875,8.998161118275458,-1.3271177905079077
1.3663905153310196,1.4501689369568946,2.941563982109313,8.603914605226134,-1.634933882626884
3.2621639054602567,3.6450676686044168,4.71983663932441,7.186968499230618,-1.6588892548021497
3.918902423228354,6.666558059234316,6.258711964610148,3.7356006824843493,-1.5553132832285077
4.012682941056145,9.351969743971994,4.562433771642628,-0.8402306853103899,-0.7736658548392508
4.041226354402239,10.525407350167322,-0.16332845504568685,-1.8621799511764192,0.05543577703978686
4.6676630114336,9.28119614651176,-3.821245236349802,1.4671755712251022,0.7449259166862199
6.133866243252778,5.940243926984434,-4.16578209966806,4.357946530600283,4.67159215352773
5.3560484872486676,0.15037397333921038,-3.4514570885359253,3.586614934163237,9.202817547427227
1.6843770345316549,-3.248696467566652,-1.7933064515285662,1.2252361272396093,10.71287629607395
-1.2931311892809743,-1.9162069712483039,-0.8594719403623168,0.3900356146500249,10.800243621081524
-1.0621932226543132,0.6849684990619753,0.2053061099109586,0.7616155829742238,10.565372931479846
0.07453604156599894,2.121910758168532,1.2680784548041388,2.2515848948488606,10.360433477611464
0.11730501064373951,2.688951962625351,2.723420474334245,4.3842690500492445,9.905008722906445
-1.2093131777167931,3.5812910438842604,5.322311978913004,7.039452047581023,7.277235438637808
-1.8299354072047813,3.582667675834572,8.975385160706129,7.677897257917914,1.3442566775349443
-0.32275886694458666,3.0713221484615034,11.166275457204089,2.7880179893492287,-3.9459048227008986
-0.49556958931579087,3.148088261138252,10.976078654174897,-3.829305954326406,-1.680751581247819
1.393944162269956,3.804165094294516,9.306800537040282,-4.692283568471117,3.7876643289804317
6.409639925051632,5.166856784271896,6.026167603723759,-2.7001733826601737,6.0211632712936
10.563931796514428,3.8826891574651254,1.6909414710240498,-1.0839409113580143,5.5235767095433195
11.492332460964635,-0.6879763398677182,0.7061602062468212,0.1623624172251949,5.644339833314553
8.974428665287146,-3.779525854474576,3.852312887889745,3.0287941283313344,7.02937237858529
1.7155961134405069,-4.239068978634548,4.234458650377879,8.742963020512766,7.674403177378074
-4.984904643818666,-2.085993203009113,0.6890751758338811,11.105175826766985,3.199866622222283
-4.266979611730518,-0.6978679876183586,-0.48638474212402427,10.924414950034256,-1.430755548041134
-0.2706138392463507,-0.2657822483844322,0.05233803279681881,10.893220772791649,-2.4764937535983442
2.299902534567589,0.9600457375178916,1.179073218667168,11.004032028569899,-0.24842474837564674
2.808629608710276,2.2618705169838034,3.342655565449655,10.500061153766346,0.9170108588709357
2.976668343335093,4.170861239206071,6.173324570148221,9.324000443697749,0.038820590875443275
3.8714247905784225,7.334316305769404,8.483625011640118,4.2119746324806595,-1.96008267379149
3.0591394969221857,10.724695119312157,5.735556840165455,-3.119702579889644,-0.955490760857486
3.075347945822225,11.236326902803867,-1.594702500344905,-4.283786722977936,-0.39562801526965674
2.9076074808765986,10.388589132319447,-5.248744423063376,1.4229707526937048,-0.20401836960511177
4.31517897823882,8.2789752710499,-3.3687907507488877,5.6836069332148185,3.909410607996855
4.658335891888879,4.598994147751045,-1.1536642323851167,6.352148237476029,8.519836597904202
1.713903896457854,1.5639133876050213,0.40579564519872335,6.619688429153744,10.883821030584016
-2.6660090245742376,2.762304457820087,2.748760736952575,7.959854014640858,9.200468231904573
-4.563601266776285,3.49962005635706,7.674350636677548,8.945051708472327,1.4152935691916304
-1.4252993977200539,0.3171782089146402,10.077507051590274,4.399291271331056,-6.497475466252482
0.030718229839896943,0.8784347550205014,10.311023811578828,-1.875448607443574,-6.335572204702948
-0.5051286368561901,1.1758335403984135,9.641943505817919,-5.29125199018705,-0.5056190777265637
1.7285702315809832,2.2977857684077074,8.928891391987497,-3.298074083990625,4.357773662751626
5.0515620352587325,3.713929730737879,7.447337565767464,-0.4266636082381985,5.760181278846428
7.39546980106683,4.7204245569489505,5.37553225126426,1.6860740584320413,6.231025103764254
8.638004479144646,3.214099016738604,3.4789258002109156,3.4642609478494393,7.4824372769552285
5.793024438839454,-0.0383506289883075,3.766871476811723,6.508838204464498,9.984629905913794
-2.1283288686766344,-0.22055210967832678,3.893965454014356,10.653229851045202,8.200677799730306
-4.589893385221466,0.05695683809029757,4.95655883947797,11.833258721620187,-1.5628269408914641
2.270845139603813,-0.1450455875126529,4.787541152200065,9.434464155742745,-7.131251998963284
5.794074110286752,6.534365784085177,5.5936696159947745,4.516598292220026,-5.9867840982689104
2.252202769391339,11.128419679802587,3.171933371840696,-1.2693281473628835,-4.433744046696654
-1.4286807170281886,11.128785069384238,0.9955388008779452,-2.886526884529463,-2.5654989280401312
-2.6009674742739888,10.491860700947747,1.2328659171060197,-2.8432436276014097,-0.6568869890254445
-0.8576021952324772,10.094119623851785,1.1794450208634468,-2.8909837094307607,1.3392351180850943
2.354225214535545,10.100068208363354,-1.1907509787907522,-1.968260884880626,1.992932716267653
5.1828903682456575,8.273436474496984,-3.9275560076869813,0.8907648789313313,2.5998566001745345
6.953172584997855,3.3954017248779564,-4.9805504521797985,2.7143336128892943,5.539294792020465
5.760097665832114,-3.4476608461127096,-3.4583183433165905,0.6839256002893448,7.913887918596533
2.6596175230022525,-5.942967077969191,0.09283743389372431,-0.40705117496157484,8.05266395629346
-1.2810326516066728,-4.837757127836813,1.2826140403086292,1.8383815265859114,8.084764936525431
-4.726280739410858,-1.3897758586153444,0.21957998321336894,3.2123928103619677,7.159348802366423
-5.0490534932374,2.581944976246066,1.9950958509526668,4.219499836536656,5.44216278278345
-4.2961731471106575,3.334321933321949,5.541171649887543,4.7782185865690305,2.1399487214480937
-2.821369901967227,1.6796369157366273,7.870427747803529,3.7215342047051188,-1.6549012746872322
-1.339712780979289,0.5528683618921928,8.746924056434516,1.5088399051929886,-3.0653792496360137
-0.2713564778905788,0.6083269090164306,8.76527775184051,-0.49585835423520325,-2.145789430310354
0.6545551626949567,1.798372772848166,8.547789097536098,-1.6219183142048708,-0.3142717747231608
1.8447437278796959,3.2878323374657703,8.08394377432156,-1.842997549054392,1.7109910081236135
4.326222697594968,5.230700143991266,6.251363517519549,-1.8856281378362447,3.4183137124841725
7.498115758467964,5.885215055431592,2.421612808579663,-1.6830236044907363,3.94610520142985
9.8171551460525,3.2722021863678696,-1.793305776735275,-0.6406987834281069,3.7388701892469234
10.32503483269601,-1.516754167189321,-1.3684090498542245,0.011683622198303253,3.8849874274623546
8.883340825780213,-4.0208887156212505,2.236756445970328,1.319514137058353,4.780955674577609
4.8505544619736165,-3.823740569489158,4.530911669153542,5.7076444584645545,6.062306474972485
-0.7570521663096805,-2.9924415625094483,3.301118662977476,9.641277641746633,4.8236629801251585
-3.139857502823253,-1.6278944746507564,1.3251511617664822,10.76571522473902,0.8130484842722807
-1.0807099206786934,-0.7071998893740944,0.7103676508207191,10.746648912735925,-1.7314799012635733
1.5435482180008595,0.5013415500895138,1.385450190209948,10.523275653979868,-1.0796083118182074
2.8376014237291933,1.813893203988389,2.9949211958719038,10.15384076703394,0.2573495563980248
3.342603242450092,3.648647672121815,5.315075942699961,9.09890561323707,0.17347686073524346
3.8300523613410147,6.715531792072054,7.573014844599965,5.352930718438842,-1.37439622027329
3.6384393284877277,10.419309401010171,6.487232878549758,-1.2069974220793784,-0.8505366023719496
3.969679104008675,11.526494089766596,-0.6822930051641551,-3.335601961236743,-0.19310668707653095
4.1657134788316235,10.051920428560715,-4.9662710706465365,1.8487169159392434,0.11348168170971962
5.46065255120523,6.997836683265786,-4.362098615740879,5.627254654698713,4.846916253709795
4.869519728639611,1.5058639439266988,-2.60921602095117,4.939846937078204,9.994234463379879
0.6591363094712349,-1.23924907762824,-1.753090657204417,2.9254416829569103,11.936294768552422
-1.6963298540635157,0.8647804827603169,-0.7904426625116486,2.024706146294018,11.777618559122132
-0.682663588188003,3.18631917354865,0.9459923833533018,2.8768644327985853,11.377656262284345
0.08005804760518301,3.8859318071544013,3.200167809237378,4.860319683224035,10.439389275568342
-0.8720077905601986,4.574377212847714,6.678900782765811,7.5139228620084655,7.358237810417236
-0.93058093417785,4.579954527476449,10.830382600729797,6.912101656261196,0.28394739620976095
-0.1489626791035909,4.562655227220546,12.636177335310718,-0.5008749689612577,-3.078961878080238
0.5218190287422854,4.852074069158688,11.016549892097734,-5.463436098588985,2.484524374778326
6.293451091214622,6.0123770290308,6.131709688852323,-4.788426835506857,6.0343522179170295
11.182408697902353,3.9776521829963785,-0.4465074169544782,-3.494659607764895,3.964732523999901
12.40121698523608,0.05878839474757218,-2.082220676432818,-2.1449449381003243,0.9035804254813345
12.153771468450026,-0.43983326240130766,-0.023068919750574582,-0.9506686130682696,-0.4308577659553754
12.058485104671082,1.362178619425105,0.5415302577274212,0.05263792482724061,-0.008729576539216764
11.807575175998208,1.4694047787118212,-0.427456326249121,0.6938963676264855,1.6110325018051372
11.368202954984454,-0.7771852135530714,0.19239050265571345,1.7962939671901368,3.6739994887117886
9.038717086385585,-3.306176540982054,3.060101659022335,3.6803023032459867,6.176749866875942
1.9375920846486845,-4.138499864601177,3.476184610841781,7.995606680632756,7.869693209008301
-5.083639937959668,-2.1370518235579796,0.5475421939402411,10.176928138139791,4.344448242844959
-5.3173134399852495,-0.06033616701543254,0.2622016445342891,10.24529061867719,-0.8652215033098728
-1.303896436948256,-0.02500021780050772,0.9503650466739344,9.927244832378296,-3.7212649011623258
2.9901296949035423,1.3537575311913288,2.2592922528237542,9.643462530944714,-3.064407209624999
5.12419766481006,4.103540165548724,4.263705667333829,8.104169518033917,-0.9379713623230832
5.371464773671451,7.042820521172617,5.590004899237426,5.4303583470669015,0.31632087848841656
6.279226229286738,9.950745538330311,4.067761236260082,1.9807549038298664,1.2762903634552178
8.385312227764523,9.607926867590479,-1.0442132526976469,1.3573095367328263,2.6737467047316152
10.215305269634314,2.757362654900608,-4.555581886571747,2.5782159426676814,6.291408201609179
7.166691787145146,-6.295352714221278,-1.4508300888520962,0.38705824518894993,8.503754045408309
0.5105877506394022,-7.911089306152967,1.7687660186917205,2.3148569598830435,8.75774820513635
-6.4264834984651555,-3.624172286757956,-0.9034251839753156,3.792477590364069,7.458120423622523
-7.1207293355817125,3.051140190112534,-0.11167914026435072,3.3971961216448627,5.733318285964219
-5.191318755885513,5.107696120045022,5.106619256335246,3.717270985431452,3.175210313592383
-3.412669018189858,3.3066465797961864,8.618932034549829,2.477177679075343,-0.034943828579974995
-2.3681483475824794,1.1468399925887593,9.961327775792391,0.7347959553750624,-0.8269442918017463
-0.8805556582510259,0.291463768402588,10.104921451541593,0.6771716024151875,-0.4535510217562216
-0.12661821022869016,0.46161685292648696,9.972088743747037,0.8691407982425916,-0.21517152728185338
0.9855361886444602,1.5698780731261714,9.927246231868498,0.5365337326623147,0.05481494830227779
1.856569683974318,3.7757302011820073,9.713769834777754,-0.7639934788118204,1.0442181496846066
3.8807926273575752,6.279134808375346,7.144099348835584,-2.3558866351533223,2.8357528448357026
7.593538799802334,7.259807952221407,1.820945034806515,-3.019830059855066,3.206167896956094
9.700387268809015,4.399088440018953,-3.854864907182086,-1.318713731831566,1.5890228210090853
10.100287514019222,-1.1098863534273964,-4.061494615228076,-0.19844983272869543,1.662732096961635
9.63991847982066,-3.7658891725666996,-0.002836378745155993,-0.26029536421261884,1.9988166759640567
8.345271195641569,-2.9950052863667023,3.849720163708516,2.246691706363404,3.3213335910700863
6.3497444555898275,-1.3022325527553047,5.299829995209326,5.538999248166815,4.793742611190481
3.036053762720481,-0.05431756711095591,5.5120163608418995,8.837313926956869,4.617839932428302
0.9510336273304432,1.324352406522445,6.522676944040285,10.38686952679871,0.8724833245717252
2.7430521835994828,3.73526997470177,8.47013512291562,7.3047964632043065,-3.3854973046701256
2.24594015491063,7.981348286921396,8.638751749240399,-1.1992559941333503,-4.187205204099635
0.2798502989800338,9.216949425124318,3.968091936870867,-6.967746797323182,-0.3347950115065817
2.185865861827662,9.006514454997836,-2.450524833520011,-6.153523264918872,0.5650881846361262
2.515979105681377,8.278120820066686,-6.169915980663014,-0.39047734991545413,-0.7675715957177939
3.192552909397328,6.720857158670785,-4.922128267460216,4.488022450102618,2.0349596462062953
3.7077506624067698,4.116699452387791,-2.7543052408767337,5.530365042724656,6.598742211504433
2.122791258309781,1.517137856321161,-1.176847989942403,5.082610159716473,9.731186723824749
-0.54904377182406,1.6153120679301345,0.5697995832094546,5.165764888699221,10.1137003807678
-2.765121794075026,3.3265228011290513,3.3415613972002713,6.815058831417776,7.870740396542851
-3.1800525555710095,3.804666473896028,8.201613647035648,7.532124417654681,1.8999309251733973
-1.6056158364708135,2.085869558002718,10.703616800230371,3.452714920873807,-4.006442770916184
-0.8504531338171137,1.416331557426631,10.843281929646865,-1.8810018933716,-3.5289972140147814
-0.34137103503770183,1.169213837347935,10.383035195746803,-3.193955219222949,0.9771033925179979
1.6230404279812767,2.4697240443422537,9.94609736366906,-0.934837441257464,4.132168717719498
3.9994781897822254,4.657859708711889,8.811392870965298,0.6562247074196412,4.6936693818037964
6.9191536668416855,6.733419235367862,6.246114059032303,0.7848101886874964,5.0582002289848935
10.24139126295309,6.04106201666481,1.7344723566035152,1.0737096992156439,5.905313870077145
10.83694156521828,-0.6668200030759395,-0.23729754685418986,2.0522331636915414,7.7567197269634995
5.169821678221469,-5.7840428445065974,2.411892536001713,4.450301433504138,9.876236475402928
-5.295683977080247,-3.8686926010390312,-0.3468745106105088,7.548956270302442,8.253600954244735
-8.512567668465783,2.3348782181853043,0.055911461351894204,7.034055794943443,3.7000888815077273
-7.226174346851533,1.367997895604949,4.934843759463916,6.645290262720168,-3.258929820659221
-1.7618625733384032,-2.489805563065071,4.749058141458231,4.483049219666704,-7.234466069571417
3.137188108069721,-0.11301736634887226,4.4579920503004615,2.861692427127269,-6.953068527783303
3.4846048480440044,4.602034631644711,4.269649578023961,-0.061003379635910876,-5.197958287311502
0.8008546314165906,6.927388872238459,2.700063948014911,-2.888138223928102,-3.502317276251305
-0.7889363537754486,7.044318903338554,1.4079116281402897,-3.5982564925527893,-1.65503025517491
-0.564433170532488,7.147557481779027,0.663112130804086,-2.948108275162898,0.16076663663386043
1.1201605612786665,7.538206584466106,-0.32705065813461554,-1.8560964437942105,1.0719685291480208
2.815752651890776,7.143385103018523,-1.3802998810402107,-0.1434043627512656,1.550333036486708
4.919223253471173,6.122388670537174,-2.2891481029391514,1.5255104130800616,2.961975349204616
5.906649443052445,2.543656483497565,-2.8865495145652487,2.3433164025488495,5.266580161005346
5.263969061323244,-1.472234124333564,-1.8253561687712208,1.949908352989958,7.521806276109194
2.1080216848356166,-3.7374845407541315,0.02166929557096839,1.8273375807385908,8.55539319276251
-1.8899616024039232,-2.408140663380537,0.20399734920404483,2.8989581909994824,8.61309333803576
-3.9282237060101917,1.1341715956646448,0.8135159093501093,3.7837048395529487,7.57174066154899
-3.821054778365537,3.599597585596006,3.936422566087592,4.962722754755137,5.179878518068894
-3.0190858346049607,3.412570480142081,7.584635062436715,5.160588286417802,0.9160792440798028
-1.5076531027813918,1.8109697490438015,9.184118013095762,2.4724672115550774,-2.354536602050782
-0.6262280308279438,1.3669170677822837,9.755822564980715,-0.5083112722133218,-2.256803996478649
0.08134081039911818,1.9011003551020047,9.718849982825695,-1.8444740678156721,0.32434898557281355
1.7778581214382596,3.3271456665462167,9.028929168456283,-1.574274590344257,2.693682789825744
4.282547763123332,5.274114057377968,7.450450796524282,-0.9950949083437544,4.203605477903743
7.514815952643964,6.207172243290433,3.823064822123893,-0.67488181794205,4.519821915203524
10.432255345304576,3.678664647698247,-0.4473359004368131,0.04980260711278105,5.025962070579877
10.490363034198081,-2.1388669649734866,-0.30190138792311405,0.620285598879712,5.81364178818955
6.961030294637618,-5.116906503517858,3.385936585034007,3.3897443701703267,7.43854284257177
-0.6225965269945284,-4.8889388006723875,2.767450212306253,8.532364427772341,7.163945244648277
-5.886667256124406,-1.7786238107259635,-0.7709387395306828,9.267494307347919,3.0489613886141154
-5.546974075253248,0.6633817263662274,-0.3319767284910323,9.170126377443642,-0.7299508056652763
-2.1792999113299065,0.5145812691158661,1.1527428722339368,9.123025972146056,-3.6626234414926744
2.1491958586163946,1.5239039410831645,2.7143169926387922,8.489946748315294,-3.923060733298341
4.21672507740078,4.548131635921053,4.4679037847981995,6.392474177775382,-2.589138307071073
4.620757085885481,8.16414774105007,4.8990064037117165,2.7181221256388626,-1.4155946137915691
4.407120536028918,10.306286684927151,2.1698653735487046,-0.09927112793030984,-0.27485632217638645
5.102261108212908,10.527835952605981,-1.9600232821382535,0.7273757224684493,0.7460465864520488
6.62412786262871,7.358199904957568,-3.8347715887695015,3.6040060360491983,3.3143842291238452
7.157967786761542,1.099872711939578,-3.9813197843224075,3.4241439995689524,8.198782841019598
3.0150219266638487,-4.391828331973108,-1.9111345078311495,1.161184466974172,10.338848612886581
-1.2717004934447342,-3.7655406554034774,-0.6551813579324293,0.09834145289919682,10.465113383679839
-2.543270612249525,-0.2978869975225481,-0.06501387618622773,0.7884101306114703,10.235141240767298
-1.275958554445153,2.5552420876526125,1.3532689469112382,1.931841739499,9.99027285972
0.27100187127637254,3.787203142820614,3.155275318089091,4.045568853497224,9.329659375931216
0.1133731692025468,4.162840646681596,5.55184256964514,6.105332012158544,7.278967270393341
-0.15511692188967,4.750360486338979,9.159879743435159,6.804521811373966,2.572000410341862
0.823379251665776,5.373012461605989,11.420470071075309,1.8323147531337054,-1.762385321232049
1.057008337722945,6.7515275702357815,9.863962321785456,-4.639189290562605,0.9491845023506176
5.599691709852008,7.737217006881886,3.6720663958123376,-6.412484558095059,4.081670291211098
8.878493811534465,5.508395741424958,-4.840910148937948,-4.360021909674401,0.13456670547080218
8.526357337841866,1.8912377153372752,-7.170922765891656,0.2878339594427154,-1.765568776011372
8.51900642485566,-2.448836636164488,-5.270271094443412,1.3837503012919345,1.0887859172310834
7.746983620086834,-5.2984827932912335,-0.9676894688024407,0.3992162052617548,2.7998738800074507
5.88250966323965,-5.224858070692481,2.968547224927273,2.5170017134453517,3.903264206490857
2.3611979466025144,-4.034591281365785,3.8709905153749693,6.491981606230384,4.56246735645592
-1.2986483206509567,-2.712447856799222,1.9197240875969006,8.804203308668948,3.035837253009234
-2.484582836460126,-1.3064422486373735,0.502265966180509,9.381677152330456,1.1098952642101867
-1.549317608253937,-0.27002446771116817,0.5583146751747204,9.518766734919199,-0.441123104057692
0.3012662274911081,0.6592534583510764,1.598261712749291,9.551222979174291,-0.9329313509213298
1.887176187191861,1.9857939181169435,3.2778341642804922,9.112696884181187,-0.9660789631657996
3.3127405408821367,4.113933242625311,5.397413297407724,7.414888484036159,-1.3157590361489062
3.8673791810566898,7.396701097954037,6.5688969725785,3.297379396522836,-1.6400540007208435
3.4348647686490335,10.072038667046266,4.088326288443568,-1.753642348613841,-0.6179671034756835
3.648757585254833,10.615080864575122,-1.1993382338936949,-2.2951873468614434,-0.18642231455225472
4.4238522273611185,9.401756286796365,-4.358560604094235,2.191410472932341,0.5657129904979021
5.74043980001343,6.026459250111455,-3.8849651284549407,4.8606023450927,4.968777348928092
4.750154863102303,0.526867119941551,-2.838517849986551,4.054808883949901,9.601150313768036
0.7859175893717893,-2.215169749329693,-1.837895188269549,2.0671217214311217,11.210982657143498
-1.5106424757238872,-0.1491456807133895,-0.6799764454913263,1.4620233714736472,11.277915466791564
-0.9065868919383596,2.094261370714316,0.29751736004705187,1.9442543381976392,11.175011903117518
0.4485320047080132,3.06571468150263,2.1984006279263495,3.5696167746387606,10.51575375376206
-0.20478360670966791,3.71984190913079,4.4175547332360425,6.136047783889582,9.048424881778317
-1.378539108664556,4.227988473835173,8.164397055146361,7.942479427741609,3.970204201664233
-0.5791237047551203,3.8508275990413967,11.471209445177248,4.3420646964827725,-2.582845673301085
-0.5330588681057578,4.081086023771653,11.7036536512302,-2.8700321158707562,-2.15411415831575
1.2586577614991303,4.5859325138325495,9.768388882129074,-5.216316307944382,3.700963084514941
7.162619629549792,5.6337859643260115,5.47214816297283,-3.5466261954763456,6.007105753084395
11.50779787901697,3.4208629515146716,0.16306066464422475,-2.424096356422177,4.492596965153015
12.268710810964784,-0.9630541949270798,-0.4644476896527163,-1.356164763219362,3.0272450164351157
11.818822097660567,-1.8168141339596222,2.6444003239043856,0.39943927189923295,2.8899922721981084
10.496834434661867,-0.5372072783820776,4.46650277112653,3.2145271943226614,4.8893578711448304
7.231228419078663,-0.7958458349500684,5.118533788370507,6.746831643350245,7.065278010429577
1.049011813288,-0.49831510515047295,5.552526460683058,11.05902222384128,6.2787103992802935
-1.3220900219646146,0.21970777651970377,6.201559745159966,12.416706793222426,-0.8512218277435077
3.436521379859485,2.278776979077589,7.07122845421167,9.11564048030976,-5.886785137456255
3.942273759358753,8.941801002962777,7.390780683957565,0.8202322139049927,-6.111346215729556
-1.501345310595533,10.246746219505152,3.0322342027339246,-6.141632332021796,-2.971720565216952
-1.9827154451082414,9.954866296981239,-0.16310154566305388,-6.064981446569675,0.47336161416936734
0.5717133017188498,9.860321791692526,-3.12100603541633,-3.1457202232421073,1.0316263977865896
2.610554441014272,9.105709477147677,-4.177628879404871,1.2694603165932066,1.7078496608422733
4.62932191234273,7.1534651593000005,-3.289509330998757,4.062430606626915,4.257409802018255
5.276867295244508,2.585929753347952,-2.5796109461247707,4.09938829392698,8.110882630737692
2.6848874423137286,-1.2816984203071218,-1.4088490198637713,3.0865053406066907,10.605863805142263
-1.1480504140257106,-1.0429542829780516,-0.8189656631737443,2.8853858350831243,11.061934211635684
-2.4245994327654996,2.1980581495685274,0.7483896799811057,3.2548592985371276,10.414217292331074
-1.5493064299972825,4.459154300032672,3.675486890307963,4.923621653443411,8.574281024265874
-1.1176367622300551,5.295014670561408,7.818153985365248,6.345456131926146,4.7158474359731075
-0.37896744081516576,5.137601739572975,11.146863004689084,3.6383858878294166,-0.1696584019638257
0.25629051960326554,5.558764106113879,11.304050256158735,-2.290017638816879,0.12585210332562893
3.4912796609458128,7.174258886277257,7.774178397050853,-5.002866631367933,3.7778650663572586
9.251685994455942,6.734044283480293,-0.18004379290845643,-4.843783021480896,3.3457302656877244
10.527066881983654,2.5785922681723985,-5.661793147378799,-2.250087133161605,-0.6283780413128204
10.16355447891099,-1.0664382580933414,-4.530720473416088,-0.3064669812307615,-1.1126811171768063
10.3421652653159,-2.6923839685807,-1.3786205186242952,0.27820731020254924,0.11743709678478634
10.14113582431204,-1.8736493866112645,1.9842764308047045,1.3628769648005175,1.9378567535629536
8.958045108244056,-0.9970063831054824,3.679649370250359,3.4940241261091374,4.006162258647462
6.006645007766059,-0.8146033403539905,4.488721271443648,6.556234542199656,6.328162506288688
0.8334030458760997,-0.6505090154978747,4.543426447416042,9.855001487376791,5.833005729869693
-1.5499288911312865,0.410760639657736,5.24311928939976,11.420143690959577,0.34125614105717167
2.0730520720168832,1.244229050032137,6.417359432898132,9.580402391023304,-4.632904399969291
4.394841249366755,6.349998948839158,7.255843356486738,3.676520395438367,-5.391693999462292
0.846970228814471,9.832247843406405,4.742172141899439,-3.7527019485552193,-3.872403100121875
-1.5843060651988656,9.760293520682929,0.8240819079375433,-5.649656389451856,-0.8283411494710062
-0.4067541849406939,9.764060749139885,-1.9499837782765763,-3.6322752230013475,0.32758506631213324
1.375553459622915,9.642868207600497,-3.053207238008823,-0.21104475158515967,0.9027717440877869
3.0627193210540042,8.885490606474564,-2.501823715653302,2.8255376992622625,2.547565660312992
5.280229343246793,6.535017042596048,-1.667085660201763,4.159074501184615,5.450185146388928
5.550970986428522,1.86214890556793,-1.1216640729895253,4.650089135520012,8.960576139069492
1.4752319544927341,-1.1602005242348454,-0.06060964762482619,4.70152126266745,10.801148208622024
-3.065170604617295,0.8228292708741357,0.5794872535232553,5.14356987795306,10.094656527255976
-4.80695556605963,4.0863014099513055,4.242536484491828,6.748228492073745,6.456375505943682
-3.934486177456907,3.317730125002005,9.13420664067779,6.19090712375069,-0.41375021896618197
-1.7023090474941354,0.3290945278747617,10.47446215292386,1.9516802723772277,-4.646712629820889
-0.4780935918738925,-0.5426066798003719,10.352216290830047,-1.486951825915678,-3.5203023167928946
0.13242156503674635,0.3412345809778731,10.414727827360206,-1.9569553660506767,-0.23103227611643073
1.413116765199103,1.8880717607881434,10.261431506251224,-0.930017797965645,1.9943592508663528
3.043902649490344,4.061893767602353,9.23992186423519,-0.07337008219913178,3.112044494110989
5.8421451681481145,6.695657620541142,7.121717459021327,-0.7738361254728225,4.056055767363925
9.089757307523813,6.7692647069799845,1.5789338532240176,-0.9903765578896598,4.1966445307934155
11.48647775817896,1.8967724329854965,-2.6165642566815737,0.017687472527454905,4.423200635851365
10.450645840448113,-4.19200410590919,0.1730327544551901,0.19310050886366192,4.868737941891991
7.09843207305382,-5.22898267709785,4.665643560422335,3.722897454250759,5.94461225189812
0.5106530166860567,-4.267126215001824,3.859154463490628,9.420729991585048,5.7428484921609355
-3.657123502669647,-2.6320815606186163,0.368032493499328,11.020453258386238,1.8618478108497576
-2.8764214715530323,-0.9877154591162276,-1.1332661463592446,10.725997050986686,-0.35812161658900443
-1.179602198410999,0.010760710193505718,-0.5999454779991907,10.76571627616467,-0.2810747409804464
0.11722406444540293,0.9908169712548116,1.1334873871255946,10.782553712333073,-0.0778991364693627
1.1843425947053232,2.080899473898905,3.311673904050034,10.371834981407792,-0.518965530039877
2.9289209918591816,3.9148781462301776,5.946493090379547,8.42854991402898,-1.9839615567153854
3.5027511694676763,7.715916806544389,7.647732459973726,2.955624535674706,-2.8802203580739936
1.8772801728770632,10.177800997154257,5.014208949471114,-3.499638882203806,-1.3970485687254186
1.9150225282370599,10.63998898085273,-1.0097066579265968,-4.230096170133906,-0.23903256069794307
2.001559103084452,10.163753569727891,-4.021338007464235,0.11772943869513067,-0.4156957722060737
3.2909013889079257,9.115479882086968,-2.8022554057305307,4.167828544236788,1.9540398088678763
4.979475046581641,6.752568535782274,-0.9271858346681827,5.717396497877317,5.594772704789949
4.871095824832279,3.4145334582080222,0.44261298101592894,6.089222694300651,8.975104356214171
1.3948103174857651,1.3450195633660738,2.004248567956344,7.338480138092514,10.186775119111555
-3.4683816315804514,2.7429227164786716,4.573508670776974,9.662075363818007,6.37651435483912
-3.350397662191521,1.4329203702329871,8.416826482002284,8.690456610945681,-3.1367996854943967
0.886463352207938,1.040948993996577,9.234101679244468,2.9305609583806973,-8.035793195642166
-0.25411893969411337,3.0843683483475512,8.819837199431161,-4.596171889978135,-5.215958935726583
-0.7763933339004317,2.6255762277188217,7.201320547298422,-6.9188097479512125,1.6890903725666158
3.951530449001153,3.484750270384108,5.399123331187013,-4.811342882668027,5.613360564911167
8.295578052688864,2.981169131869572,2.3801525079771086,-2.6304359747776584,5.161711241740272
10.332400823205907,0.908734849101387,1.1364713417388328,-1.038069536801384,4.193554647841512
10.19902518455021,-1.1191719333092016,2.086270809020828,0.5004432486275282,4.45919527961759
8.124283796820906,-2.0506456585366055,4.079320274957549,3.7911492372821987,6.198589370285397
2.988644657307418,-2.1829323311705315,4.519083171962913,8.30493366860507,7.191196799760637
-2.630868930297717,-1.1487071251694503,3.480144419003098,11.278641507188071,3.3481213142611144
-1.5923780698080818,-0.9156752036665233,2.9951186739441353,11.212463939928586,-2.4405787959157443
3.196905603848235,0.7959460237224684,3.3179563541282135,10.363304421912627,-3.3950652875347647
5.5483626469364475,4.593303599309248,4.917207141786283,8.259872378608208,-1.6436068989992791
6.312851394569636,8.97403516678069,5.820157647188316,4.118727084986627,-0.2514338795825688
6.671162277946021,11.360466066542806,1.8686316673051755,0.9184025270316525,0.8818052411937037
8.461824973604239,9.112027514967549,-3.4636761720609583,2.4178645596162966,3.013895638749567
9.406550675733417,-0.20145619654379618,-5.217763932618822,2.5703302570600473,7.831560042336056
4.687681282462394,-7.466730164009284,-0.9280263108180918,-0.5982488047483784,9.047781951700083
-1.8192756178967222,-7.207128574531739,1.096832378325793,1.4905838954931212,9.035468812123822
-6.626981605241321,-1.9218796403228398,-1.0696374849215435,2.41253778296284,8.068522554455889
-5.735851639007735,4.054304354431936,1.3417562208296454,2.8611857645190364,6.609436438504768
-3.233841329618955,5.54702768886506,5.970800841968468,3.717715416891514,4.5299467150348445
-1.4932287489060911,5.042707439537539,9.12119361293448,2.5401735363591293,1.9043584963981641
0.3788784617166613,5.202719355473713,10.022070252956908,-0.20242310692395712,1.36748776679134
2.9131183731611543,6.619015513295733,8.430761973547112,-2.260474188019181,3.3974591570053168
7.535964464113154,7.81236676146332,2.891861581978626,-3.0828799656826997,4.123306874594952
10.662356744972072,4.1148516865378,-3.581755095993724,-1.8144393250329887,2.423496675901209
11.003745539960923,-1.5646215955640788,-3.9502111655942396,-0.9349342341917684,1.3141866536752904
10.580956621070458,-3.4720761046371122,0.8812978589054377,-0.39221411228636177,1.3602783387155692
10.028084607716828,-1.5106133177015018,4.018966932294453,1.5529516969844388,2.550219377242089
8.861364765783549,0.4812857269530214,4.843321725105591,4.046776428522875,4.616577660766685
6.230850420070352,1.1457469929646025,5.033364175481115,7.040949670688175,6.707586151934804
2.031201908430048,1.2261692072929624,6.17769781341159,10.205732700440059,5.562443435167914
0.44846311831770735,2.3308332004991916,8.304599046498586,10.818737221538047,-0.7417904994490967
2.6234921725493257,5.31713483424017,10.423393622148025,3.950804127927906,-5.833891387975458
-0.5377186801474084,7.562426468138562,8.371540212053098,-6.646643276989816,-2.8213182226664983
1.7711195581973436,7.4639756702299085,2.737327329269075,-8.8166980978318,3.074038853714223
5.60366976441415,6.384177918159224,-4.70509555404008,-6.247315658913784,0.15503944428342928
4.440258164450415,4.433034375099681,-7.575100041212608,0.01476945290698553,-2.6406704784221353
4.623950610314114,2.167263014006225,-6.963543150190486,4.065983241698505,0.9944007268760859
4.001981420282314,-1.1325552924965467,-5.319602243564151,2.969705934047748,5.704130724737122
2.0541148343328386,-3.2034757746942355,-3.3681706269728515,-0.0797546642812065,7.22405946353393
1.166288873258176,-3.3889843414726277,-1.1317593418423642,-1.4376683812323627,7.1877151645739294
0.5135070724401026,-2.7729650861586825,0.5243510237295198,-0.6218446539670712,7.3650095187636335
-0.04558641349823983,-1.5965711457587386,1.280362236726144,1.2961359665684695,7.475339387458478
-1.65235681327542,-0.02571434313071537,1.9318789303920743,3.3863884898153054,7.263649023682931
-2.718193509401247,1.6957687163007096,3.2500438423760083,5.416897440413739,5.590810273438182
-2.8417053790241877,2.4039906665841384,5.73694074054332,6.334028956214683,1.7111136779902787
-1.3340207713362597,1.4401106855431263,7.598149243292129,4.985285944651068,-2.5716240353104913
0.24948307196191738,1.8993282453414613,8.401987092622573,1.4296794368157502,-3.9495071816999
0.36425182354318963,3.065197781870933,8.285679686999204,-2.487121366786694,-2.243218018414803
0.9529930484789217,4.099613966757151,6.862629962469516,-4.376689686476497,1.3482796775801027
4.006390101161531,5.2059899581649045,4.222901612800651,-4.046619409555273,3.578796104764004
7.693839241718407,4.903337790142614,0.0873115845197056,-3.038972267955215,2.9426669994316303
9.165927697703125,2.4437687684473124,-2.8433876960175577,-1.5987311762059406,1.3057894623634803
9.616339948403702,-0.6153397430214569,-2.22318769663336,-0.7314564956418674,1.0259908975040442
9.32041858917514,-1.9285073939333082,0.1945400783328325,0.15990340029533734,1.9414937310194682
8.816757965280528,-1.766842507040184,2.202108950498801,1.6582555292227386,3.1867536793248883
7.18605099804091,-1.2801913686007984,3.7339967486838828,3.9937394323112687,5.127853668235938
3.9108682406738784,-0.930071167197482,4.228354678628764,7.32382008864924,6.2682894990894225
-0.5187480012503254,-0.13574697611815598,4.476916142187323,10.186037387403028,4.060231020643499
-0.7132524563695803,0.38340760589183065,5.232031881090596,10.441637875696157,-1.4557441274327214
3.095405186415268,2.5798173613163455,6.600921026925932,7.928748859459518,-4.663297164962582
3.361917468339974,7.5283276764285105,7.017239068454384,1.2108486932477238,-4.846689445559694
-0.024130211775651625,9.344766716289703,3.631636516259092,-5.1290748289469645,-2.6718168717825654
-0.7712163830291928,9.529471905037992,0.03513566175947408,-5.368596155227315,-0.13790716706398817
0.7879485742979202,9.55054144937753,-2.734176059872965,-2.399081832882481,0.34396682359523245
2.005150514363789,9.0517556427524,-3.140663580323409,1.2509262720658685,1.0686432427648742
3.789861928872822,7.935155486873278,-2.110346059707941,3.7683240763710106,3.2541469705659662
5.404577538103312,5.149555215639333,-1.145263237857575,4.577609746883623,6.602011578045745
4.320458474098435,0.9509253973962974,-0.33321016583409824,4.932989682196144,9.600435133038843
-0.302386683780661,-0.3962012887010013,0.5472918906493114,5.7455772946847015,10.7742237907426
-4.03545299963321,2.6504620588169865,2.3743910849133036,6.896838276898794,8.435017658052766
-4.839786899924954,3.3745268972300746,7.3418868509339195,7.621059565928352,1.6756553134522287
-2.3629167321670743,0.10701529532751013,9.383564084347089,4.522795864726649,-5.3165897792072
0.2558636871811036,-0.22497798136896152,9.408692282782484,-0.27412969943391186,-6.033526152002377
0.09761010390863319,1.0866319311734316,9.132239192883974,-3.561983977719851,-2.5255669648328447
0.9130328627804399,2.2826939319821133,8.529815629753811,-3.8018293694583862,1.9164348990116458
4.083656427056225,3.9913497674175957,7.139632792611296,-2.527595080419393,4.3987950843310974
7.305989176303851,4.815660053433167,4.234231909022515,-1.1226880005459625,5.326977396679674
9.867289882031878,3.0548036138252193,1.0499174451797395,0.36019022189683325,5.378482731866267
9.726900007042147,-1.2761565315238934,1.3291316566167826,1.79690210538165,6.577690277005199
5.295472920250095,-4.219672057499769,3.3510972662055254,4.891863671348432,8.478078960464122
-3.0601361997384773,-3.281530515209393,1.6739428359348094,8.61689948313767,7.189572507846258
-6.948991941562044,0.09003448329008097,0.35752912588737085,9.29809473906156,2.164996880179492
-4.566814652360664,0.029457218757374927,1.85272127406701,9.147103736724102,-3.383775840162392
1.1825698360554173,-0.14738464065881385,2.2036181843237213,8.335143088918104,-5.469243245530279
4.869569626721065,2.956969080206682,3.4304543749752345,6.8485686558508165,-3.770648194375136
5.255041668119214,6.980640226361474,4.074247391322961,4.304990984218592,-1.5906968539199988
5.482515505481001,9.618185699785547,2.379753104372949,1.6086293616208136,-0.07482209102826129
6.7114714833153695,9.442753924126993,-0.949067004834257,1.811196950679088,1.4276428660480232
8.265217135683745,5.638923831333365,-3.5631464052237285,3.5460169973318445,4.96577858796567
6.860954892544022,-2.6765996475990153,-3.01818463855345,2.298668398396652,9.060903801248731
1.6331853053247927,-6.031079543639079,-0.2630562336387295,0.936579055871356,10.22399495757339
-3.5243943852001145,-3.2214812626626506,-0.6322984026946463,1.4185479689975102,9.80504644609302
-4.147043300348254,2.0581550496259737,0.31179426502190866,1.8512660401610497,9.28546275437787
-1.8770581325401197,5.036073210731567,3.369942224659507,3.4239864302958547,7.976812337894792
0.10698874181727228,5.797477730543613,6.38979856974073,4.892001681068372,6.08756813278879
1.6271542874804887,6.529167317048219,8.849008721476295,4.115435265607644,3.394014722331538
3.7875006382406067,8.532456821333591,8.926646595512114,0.47518754067452385,2.502200729278105
7.23982453697477,10.18678595554415,2.5828660546034845,-2.461233269778177,3.0182027447720765
10.087345395376358,6.226076690803901,-5.681798882519985,-0.46892915965618115,2.0129239602505677
10.275603910585726,-2.773008271940278,-6.228672049214781,0.1294614833362768,3.500672113589615
8.741571648778914,-7.119337788830676,1.0231219095522326,-1.1718341081487322,3.125631131366381
6.617761718320616,-5.041526737722688,5.936950397707138,3.7134888225981,4.060340853469629
2.9916090517162424,-2.3654018718270384,6.048496991843154,8.874916841198003,3.5764025314726706
1.408371134121712,-0.6550118852796698,5.198410487311908,10.65858835440122,0.600583215072078
3.012948107852742,1.615315827167674,5.826906364736205,10.04921689662242,-1.8577491879736097
4.868433709581708,5.985719576447941,7.601698304270643,6.082592001047466,-3.094739197859796
3.5677930345492417,10.67348520282712,5.757958298746896,-1.213357696007438,-2.4431307931527693
1.579366788959444,11.882998086058471,-0.34305931811719975,-3.9414384047335744,-1.316484867681386
1.1195245213449427,11.510920400125734,-3.2807314499729303,0.1381601771924576,-0.8130749394372638
1.7690800644862035,10.985674832641532,-0.9562496296449301,3.6169995107374957,1.081727515988814
3.981989301354545,10.57904756685279,0.952720302008608,4.14287166588739,2.766084624685053
6.654658207299773,9.059462930006859,0.7731528851996299,4.011742501698849,5.0265483885681075
8.75475346035805,3.9652191155866325,-0.7201720132871295,4.574212998728839,8.613357800640138
4.134783184041171,-2.6017191859937796,-0.02833449712661943,4.50141008965497,12.142079016822057
-4.168672950402739,-1.4468585832757441,-0.49583059855406086,4.973716183801544,11.795731606922828
-6.1083251225648,4.699202923161118,2.80596950821061,5.740278786743293,8.29440597173636
-4.877519310011096,4.6812938421975705,9.514324323905662,5.549253474733556,1.5458785361670981
-3.287752515763416,0.5329784317522109,11.683352689574471,1.7615095560492549,-3.1647877951840244
-1.5404941664467637,-1.929950841650328,11.3806542331552,0.1684754663995905,-2.8376136661700957
0.03909181170904054,-1.736770696454584,11.085546083438185,0.7498370396411628,-2.144545311328544
1.4218851018688223,0.546108157984113,10.78544668861275,0.41450237298156717,-1.4654912207075075
1.9753871588774379,3.119753907218871,10.276258801544264,-1.456775137316917,-0.005267048722636385
3.794745981216476,5.75817271540179,7.921614598237593,-3.466957910009001,2.5446585933964494
7.443674886521969,7.1049847229536836,2.0644968188947725,-3.976171316532581,3.0910668235088443
9.397256241744667,4.720908517844678,-4.285898924023856,-2.0750319991249997,0.9411440107644914
9.573906448177286,0.020674327454835602,-5.086521955938645,0.14849071574572176,0.5530616931358945
9.364850368699232,-3.6831904660297425,-1.8455983756342291,-0.10051487003366182,1.3459007144349548
8.920919792697784,-3.8579321723838063,2.3531276920333877,0.9944146308196268,2.6133107926321815
7.029586487327707,-2.043825129117927,4.613191517166119,4.232175815884528,4.18714502524436
3.838404031329698,-0.8143779643805811,4.889992181219641,7.653607840978823,4.9526623782030095
0.8889909593251281,0.22339955335639677,5.447035305535988,10.190670612070466,2.8803015290667138
1.0952692123069376,1.4307289764613607,6.64120041277228,9.999967725149808,-1.8201957217115832
3.4452410580492776,5.122854363394768,8.281273288952695,4.860589148855732,-4.466435709489991
1.5553848023522667,8.928748404823777,6.833370227379315,-3.5532502752091295,-3.480240290372462
0.22015693378330073,8.977678968797887,1.977256182122381,-6.835185059628904,-0.04570990627009998
1.5000033233026533,9.155766536792198,-3.6398664608535887,-4.472277472978266,0.15148666282096251
2.229168879499619,8.372374315409449,-5.1533466032481146,0.8417183870316415,0.04692715885592249
3.4800815296096137,7.092624068004363,-3.460534373326919,4.429284095772143,3.1059228930224174
4.21261430674301,4.565455708570018,-1.5440596858373792,5.2860659965012164,6.825457181951128
2.8233206726864934,1.9713869072991552,-0.0681699434104613,5.508805847303487,9.404711274846408
-0.9053168353969052,1.6677845788350427,1.4498193920130045,6.644384310324116,9.652138222482183
-3.484378661487081,3.2039609415698185,4.970108444827097,8.466180930394218,5.657701874256024
-2.8617877524133206,1.9361601391262897,8.850677715780227,7.26663747790219,-2.926421016996005
-0.08037067085909515,0.9450673590312546,9.88838592719492,1.7183271935082853,-6.274536379682092
-0.5296631394050912,1.6128759286698418,9.709792369630074,-3.9329435399381985,-3.712727316869333
0.17689829604317786,2.119697445780928,8.886631056987074,-4.947770061822304,2.0067592572902195
3.2334575196978226,3.491412492119552,7.224607158115349,-2.5108129642912034,5.227124136113542
7.17067016396795,4.519475767313215,5.232284112349947,-0.26587198509927057,5.92731933814775
9.214962350899752,2.8778842226291435,2.6516505888663664,1.5791350233114965,6.6108379297533
8.289373333457172,-0.7940305855552805,2.5895992817759166,3.6401564286558172,8.552451419041208
1.3574401098220823,-3.0209388579928156,2.844342507023703,7.643976159864445,9.700299583251326
-5.899844816736196,-0.42718351815715383,1.874698688453385,9.943647013061916,5.09974063894256
-5.357649766962397,-0.39558051862982824,3.065067343048954,10.264836992421886,-2.816095881028374
1.272155871519413,-0.6776849586964575,2.505010466639038,8.955422146165333,-6.225611686031773
5.875883370196214,3.4071253247669473,3.609635241408298,7.041312189323112,-4.187489584905724
6.178837155957267,8.046579949295028,3.6832914860470356,4.075099981900641,-1.4096387887672832
6.343227237973936,9.999088527496282,1.4099902630800818,2.0462685302374832,0.644447678791604
7.929502337207462,8.710921424722422,-2.09158155003072,3.0873121182468677,3.0569015003423488
8.813268132663755,1.6465217454517536,-3.524320545438119,3.703255790207082,7.9971010781648095
4.0498995445296835,-5.557113887527995,-1.193480909790819,1.384745305324434,10.67020409493226
-2.547642438976772,-4.761761018713972,-0.5159711592632217,1.4894677158390315,10.666888911304076
-4.704888539449334,1.1581775058568862,-0.47774385125430363,1.4582915506745733,10.160288840702755
-1.7833092971015365,4.800560998408975,2.140170794093357,2.65277547924249,9.339986809241113
0.7484780608460452,5.674343085031209,4.8994315432359565,4.225793562792059,8.197682343306846
2.0760534740912777,5.9876739829279275,7.354088277362978,5.649547054942286,5.790488503198047
3.4386437749835053,7.493706955318412,9.174807391706578,4.3711806887743805,3.530410273349146
6.040451924038571,10.10280170321011,7.148584086008699,0.1578160851414207,2.995964608803827
9.834044812910177,9.769984050737953,-1.6849885457973008,-1.224824513170243,3.1436965412653004
11.616518220995705,0.7919171536171752,-6.499794497945879,0.6291346494442519,4.199045469082578
10.031158695102771,-7.495264666090011,-0.6454830482719907,-1.4217916246190083,4.301984155593888
6.953024936978079,-6.505366188798021,6.27910835602517,3.2866973025862634,4.543976860723961
2.1550616888962026,-3.9396283473097142,5.66711724907636,10.070537931522527,3.344822738347106
-0.019128352161928777,-2.4405872739168086,2.8966929330627704,12.09581660984448,0.3617861076370645
1.2099581962925845,-1.285414407555212,1.5732732439631547,12.182239228945255,-0.08258015036064167
1.5724438623728816,-0.10229467877886561,1.3070580179525377,12.16530358836562,0.8694424324381524
1.2545232330074638,1.0113511740095658,2.8592220819032286,12.037233608359507,0.7869070746389322
1.867606180961697,2.3218636181086323,5.21626290584925,11.103339349963663,-1.1881548978405303
3.987940382801091,5.848379196072151,7.693831225569695,7.149022212297847,-3.3289367968037658
2.5214851879248315,10.039430828061901,7.1500671054126785,-1.6304441705972323,-3.1351475344850925
0.7797843668301772,11.000007882771268,1.3380014161595446,-5.920221979554516,-0.9147179234744729
0.8366988501598965,10.818303392303878,-3.5797400697066983,-2.7604367676173744,-0.6792011056979679
1.2953982587958959,10.353922670683739,-3.2979983913389206,2.3518118996743427,0.4831082691576013
2.936366507951127,9.717031375967418,-0.15041146843468522,4.781116167146011,2.787669790293658
5.192334513989168,8.484329529584663,1.320830403574463,4.7214957029535425,5.222893398322937
7.074349741695351,5.575181899089116,1.31651981206323,5.48520983232637,8.041282833329559
4.5587224470664625,1.0786956410623127,1.8989262275721333,6.695595600895297,11.017316401253716
-2.6112414434065667,0.9325434424389893,3.017293339769581,9.571429293704783,9.632766105301725
-5.676055054377598,1.8206473446902651,6.487821586363436,10.624536239890414,0.23436972510541743
-0.019455306234234145,-0.8876479425957582,7.22302026833014,7.069328164065896,-8.459547998938591
3.151104778255841,4.167911844960718,7.130731489751938,0.4340309122358767,-8.489255615251743
-1.796561360054005,5.959716697412331,5.1521359479412,-6.417570107652929,-4.771333401111746
-2.5606795785602823,4.781541482171717,3.496197213998433,-7.700192081800767,1.601878785062538
2.597514287038035,4.948779361473382,1.0194714870725043,-6.38075634280716,4.324558145455958
6.424647847777361,3.6614496327515913,-2.5643461490215658,-4.472450788918139,1.6526400352573039
6.827296462652967,1.7475701226957652,-4.041770236534162,-2.3793768153559385,-0.8339101935651201
6.963138983883673,0.8683933974913045,-3.6287064703377956,-0.2721085106009232,-1.3173512315222489
7.36122639965503,0.021855775506858664,-2.797898415338083,0.7804040788058707,0.19741557662261874
7.421980871535462,-1.2266531931780242,-0.950956353580045,1.622723826228991,2.28710099779651
6.251870732814724,-2.153323876254134,0.6587637537377984,2.4164654284929337,4.079510462242902
3.838519679917452,-2.7473432607861197,2.3322268792300216,4.315911697705887,5.841980382683553
-0.2739062522154441,-2.4043187225651588,1.9979308450326592,6.788216174496783,5.860159934346002
-3.3923298256360166,-0.6419549506815583,1.6276920013899985,7.965719222567145,3.610398997095575
-3.5074633787165554,0.43119899466917583,2.4439888147593543,8.674286341446505,-0.37124538938291773
-0.26072092268756064,0.43083896460347393,3.3878536888253725,7.950001420590943,-3.646689641635477
2.792940123787646,2.257876542486372,4.478270739283664,6.161358682937408,-4.2743444159454285
3.5016045489273018,5.894748792236502,5.425766548273487,2.6018828253315873,-3.5536002949842636
2.3025455652734492,8.55964071231885,4.0055023200254505,-1.6448456407806367,-2.204143774388547
1.330429558964488,9.318021714359004,0.662968679818817,-3.013088727081697,-0.9298010387570831
1.2698880424751806,9.436425903762974,-1.4009953990515416,-1.347310403825759,-0.346415518049083
2.3485615706302805,9.114342362085408,-1.77355050420761,1.4757793472494802,0.8343265501849362
4.061481598933473,8.233025067626544,-1.4584406875764777,3.1799642144062004,2.7490118233339813
5.8088066262295674,5.664901075337383,-1.060617933415656,4.321087905794516,5.676575939361892
5.687474841030755,1.4080419891131275,-0.4683052511492675,4.559467935343224,9.060902752609673
1.063846347434321,-1.3484388707844661,0.5428800043409736,4.909520716505331,10.928544642753627
-3.8219734635220592,1.31731939480132,1.03241235703117,6.103469277530022,9.399910366585326
-5.194553159175741,3.7826704114542213,5.544772384284639,7.341549311518546,4.276450543641787
-3.8431820388851787,1.3566398304945342,9.332341066426373,5.569369856726214,-3.2598298584981444
-0.6710998857632535,-0.9173153349792426,9.425778642266367,1.4128358671718038,-5.939923834045845
0.6344758210034243,0.03172585576683143,9.534944358453687,-2.0836080417058933,-4.2939446029540305
0.5846031223164501,1.4699606538925198,9.327165339990142,-3.6048145073209037,-0.08569109535859
2.435197352718198,3.1677167945707265,8.14077389893168,-2.9790343611822974,3.2795853274959668
5.825350868521734,4.7779226222793385,5.899763803156849,-1.781298351139565,4.588558957696008
8.943575596104564,4.896993145968156,2.1118731087194886,-0.7375237037957675,4.533407625828227
10.520220395003653,1.1364362982762306,-0.14322362303662142,0.3279141713662249,5.205473636355887
9.358640575931792,-3.0726060202918317,1.739451989501284,1.4221679753553074,6.326535898547512
4.2681189667469575,-4.604227236091107,3.862309523398379,5.7895982543145665,7.764117631802909
-3.6113131957730986,-3.229875023410004,1.4529124397062865,9.39502290667418,5.869910752055844
-6.161130899632457,-0.5052047389665121,-0.07001777532175374,9.594521365922406,1.1767275670740163
-3.454193952433628,-0.0726798853464365,0.7001793371630547,9.676397895160282,-2.9294568506228256
0.9338739329113579,0.4337794003484617,1.9157465341097346,9.248493446438765,-3.821510636344463
4.012130399538975,3.110015521891933,3.303357167385821,8.065157274614265,-2.281684946594176
4.9720559464736285,6.088627875111985,4.86462320781277,5.977980603169746,-0.6749018532876184
5.484289814635732,9.17293683740139,4.627152017316701,2.6041787465022472,0.31927127956151585
6.669776976995359,10.175771295537873,0.7503626480414911,0.9253233791452418,1.7402621823681008
8.819470601213967,6.7499460908730775,-3.6448062413006825,2.6317838080066256,3.853200437755227
8.590526447085933,-1.9719628279136538,-3.7977417864341363,1.8791786779944568,7.873412481060403
3.863685059260369,-7.538125184841066,0.3365091662740569,0.220082537559182,8.729453226385816
-2.782951332947679,-6.053981587797671,0.5922787645712831,2.778583135958741,8.887924803783834
-6.41212698352592,-0.03844579564023612,-0.9367876613740845,3.090566400742519,7.34491690882425
-5.555359764706869,4.40505076494069,2.4388079498991884,3.528340664694999,5.701153958738836
-3.638903287062719,4.9590875127037854,6.824282766295984,3.5485052532622845,2.655599931924826
-2.028048751342261,3.8196465697671402,9.552158849732136,1.838825279011339,0.22285511969492494
-0.750157815587009,2.8743397374775044,10.386549228138291,-0.2568764285940496,0.602490352598879
0.8006752173799797,3.7135593793507464,10.01331789961661,-1.0267737811570252,2.1329245695088788
3.2440444508129715,5.403985957589456,8.7455834295612,-1.1008844927536336,3.6708892841795007
7.14536091618066,6.981581870235754,5.011135401366689,-1.4383342503491918,4.868818459226745
10.493634458695816,4.9442379339002205,-0.921762570761914,-1.0504222364601123,4.379538234166441
11.421883364620996,-1.3058037870841535,-1.8953982316745508,-0.3210842630770828,4.190924042075848
9.851136625980166,-4.52390656439327,2.715054358982855,1.0946167791681083,4.839523725358107
5.621857642153378,-4.185912779811117,5.271334708892763,6.1041993472851095,6.338403073355897
-0.7530384041817187,-3.137571479897018,3.783157528401449,10.71650816969513,4.639358765312615
-2.5308345636523826,-1.852869665837834,1.0825067635606755,11.804872516269253,0.09184787154042143
-0.004219500874292945,-0.8264169223024801,0.33292477634533724,11.805099685567027,-1.2393304021547382
1.6222635524358748,0.23319395449650202,0.9240299888028412,11.495463831150747,0.3093649389366944
1.5751691423158296,1.3457853969907665,2.5036789966657573,11.398504457213573,1.099094689865934
1.8139548065651339,2.3938598630435286,4.763493966794641,10.716256867319428,-0.18236299745080192
3.3559102432425543,5.196090802277906,7.686324219972103,7.35128503343635,-2.662095451807018
2.8206134202405253,9.33480823440281,7.686961738294267,-0.7131208519680529,-3.0926937592115933
1.0412599883527869,10.596999045075018,2.4675761109293473,-6.1032825982264045,-0.36468666495838953
1.3745269023708864,10.598261720845123,-3.4664004152960457,-3.681574331174331,-0.3640938316659282
1.9740015370809225,9.695575100886979,-4.461150679114072,2.0579172957432657,-0.00456737658384232
3.233758804367436,8.566711762648742,-1.7222332744704105,5.172232205180193,3.3046113659690652
4.7677532937393545,6.566498887167024,0.3977394315140362,5.926380257149477,6.560343226388797
4.337613052542144,3.8390564112468657,1.8009900169471815,6.562592599638604,9.000455548398008
0.5957700890156469,2.7865257299237967,4.086511612079589,8.748484251343418,8.699994506662918
-2.1848787320003145,3.1737167760489986,7.990745560275635,10.353619243627262,2.1000448628526502
0.00959060023872954,2.1809676270812663,10.631269992681917,5.55082831686089,-6.300004292618517
-0.5412540353726627,3.7287079119534177,10.585964736368478,-3.9955341640676174,-5.215998106242943
-0.3265918260835948,3.1674803367087994,8.913492316898472,-7.150529881522241,2.6141789673583857
5.169023566269805,4.087405776590071,6.170216136339135,-4.1549815629204305,6.724201661877115
9.795583593685876,2.9321218745985234,2.7641488612221203,-1.8290342599475247,6.08547754973328
11.025309141202332,-0.2152452445419364,1.9108866580391526,-0.004017776412588242,5.678126563343783
8.865603032926767,-2.777255902433169,4.005818962399253,3.3004161159911014,7.162443249178861
1.92040252992433,-3.31427293828523,4.433693679361672,9.052188410294558,7.752618122414465
-4.519943151453479,-1.7776680282192998,2.094499929908782,11.580880337549852,2.998569426092736
-2.8652361060354417,-1.0789310190694805,0.8866414695539734,11.526329571896827,-2.494305360747397
1.7164401155962885,-0.21231158021911575,0.6748397576276648,11.28599264235996,-2.405733663115524
3.5956109079859346,1.3733569832011354,2.1126303778908198,11.232523916260376,0.4968785718179134
3.038419681707786,2.7756637185831528,4.198271139050197,10.784593887958943,1.6575042526027304
3.0046650214813337,4.678619041557006,7.159009345734261,9.192130528559295,-0.06700455620822462
3.2951094261577576,8.346716926826314,9.283929455066016,2.491028282915149,-2.479054855667881
2.292340792786215,11.36572804905536,4.641784000693251,-5.21323641293519,-0.6050798480131179
2.658906187143814,11.238888885036818,-3.3540805977331876,-4.287844866238825,-0.5787656127368033
2.4940510833480594,9.939596846407026,-5.369566393854301,2.710557481715575,-0.14996401118097424
4.062318788579641,7.838403945847295,-2.5097019331738903,6.314442417950733,4.326269790428543
4.452541613252479,5.089629450656351,-0.07021892281467625,6.774906378478592,8.43239557411741
1.8258043922590494,2.8934487622385183,2.029024527128296,7.675591598289266,9.944353574347296
-2.501624287573894,3.389030511792392,5.808204080550606,10.007067743347271,6.123825800642364
-2.1195385437541665,2.225600340591845,10.070005980188771,8.306236125742677,-3.48324561216267
0.14841161755843868,2.1958249856443555,11.017720522604249,0.23683260432503714,-6.96580444837597
-1.349534268274172,2.2554183198761732,10.074333850405617,-6.3507294844405155,-1.2276146919070232
1.6572348128368755,2.718727179099855,8.795379578367225,-4.52294353727721,5.327089471385491
5.818532912296299,3.728326832528978,7.129347171241578,-0.8800071326305906,6.9988426442628935
8.311217833072014,3.3182825170021615,4.757722187932914,1.990762654242264,7.505657438035566
7.478143306237232,1.1526176318279726,4.30346215544678,5.030935980962658,9.150868362491462
1.231262237934906,-0.2679446505335371,4.815869775420934,9.744141937911552,8.901061970762097
-3.7787120154601324,0.4924821588329384,5.525959281816704,12.279069667807766,1.1373423041025195
1.067113119087388,-0.047719464044786476,6.073058493225202,10.090176397082297,-6.687546599155241
5.174916798760995,6.335279948212484,6.902020141074964,3.9182055772284534,-6.887214654689095
0.14854284488653524,10.278662546868684,4.0761267383807605,-3.6863147752150653,-5.152611532687237
-3.679473616751667,9.315465712123363,1.6180965161505045,-5.755691746493406,-1.238548012416781
-1.3795878889975786,9.13438195506508,0.11473743242020902,-5.059634270090388,1.920220532665007
2.2447982924727774,8.802540650396194,-2.881866494999257,-2.7663932154759068,1.7536958524745108
4.914697334413549,6.7608864010872916,-5.143398609152866,1.0959929275801343,2.1772578622819894
5.951876890375804,2.3867626616217836,-5.5714641421062705,2.2565068861613815,4.991016170152256
5.189524009350485,-2.817821381778095,-3.5485420940879377,0.3396953722307946,6.996612411126425
2.993559387554054,-5.5203449705771295,-0.21491065321905672,-0.9644524260306282,6.775430635175715
0.37611253026052505,-5.02259152118981,1.7189500081722602,0.9977162506561139,6.9595364790901355
-3.0822820143169327,-2.6644525432553796,1.23030604541494,3.557504883686511,6.612362651950775
-4.881360859467787,0.45709519751122507,1.0514771764287008,4.647064236768399,4.946421802710858
-4.609384164065183,2.0478585034805037,3.4723315023618864,5.568138472246085,1.999120092028988
-3.3620032605663135,1.1783762081275868,5.331427479829064,5.182475445416729,-1.7978333625321135
-0.9859301564668989,0.1254827015883595,6.244030728763464,3.843161542104543,-4.0529284911061625
0.8719013362651127,1.6157917311476153,6.498952303334414,1.2052552640517693,-4.022997222488604
0.9669594666522167,3.0758498958885765,6.691426564499779,-1.7279169322894397,-2.7367577492032913
1.0982033356825323,4.571396152417899,5.525711312342849,-3.703215531577838,0.05962349119537294
2.898466473906014,5.431086975668169,2.9969876120554906,-4.189208778479705,2.0570819807433303
5.437671481421399,5.639304344878727,-0.4745813448767288,-3.1079795934530976,1.7037906020455202
6.658605153962653,4.186085885158721,-3.493933761457175,-1.1467078989148198,0.9069154047654575
7.208614684240036,1.243576980850906,-4.127060608674545,0.5151273102646879,1.4713471981065618
7.2912487714730645,-1.7644555218993958,-2.614549612027946,0.8976501074360533,3.0599382677951352
6.325459653805246,-3.6474750230603035,0.2733827008274133,0.7199609927527479,4.085559068471637
3.992688047085829,-3.9747501617896566,2.6138721030911274,2.954904033116621,5.277694731293572
0.17025141153680567,-3.092058353227322,2.4103910892577805,6.253158195054169,5.4011974428067
-2.857936220005143,-1.5899306127819075,1.2987353113804105,7.774423606244768,3.4881116328237742
-3.613718607534897,-0.07475835935241146,1.1934903849329306,8.128575584454875,0.6401335232934284
-1.83525913250554,0.2546211442278856,2.2419651643022234,8.099352989044753,-1.9517055668968066
1.104940576186532,1.0351858613590101,3.3016319252768884,7.442510835770214,-3.1298643108521373
3.3736925787222343,3.5685886650187157,4.929070782681143,5.539558031494588,-2.7121831549038395
3.633893940531982,7.060218442481837,5.364823490468357,1.9316596962050387,-2.34883799889617
2.8724608618385146,9.330509305868185,3.170591464263155,-1.523277061153836,-1.1635724891790293
2.8435661408282407,9.763628899323143,-0.5225065953523895,-1.4561150491759014,-0.2732687322672533
3.3157696795615386,9.303278425481665,-2.7208931113743446,1.1756681243783524,0.641382314863918
4.960923721638771,7.397772793574617,-2.622969564023035,3.906739349047129,3.2446110201536427
