14.127150837013808,-4.6454465994771885,14.259371651231405,13.919357049188141,14.918816588710106
2.857277687430543,-1.0072546538583662,11.446645643210891,28.019894698788722,-8.196549811411488
11.077679122012025,29.521309114663794,10.223994230237981,-0.3173090872324831,-7.6816677695896285
-5.360248522537604,32.71473592488137,4.031012956920507,0.7495683792876904,-4.1048830062260135
7.272248609290868,28.88964237377139,-7.134997826992052,-12.236712979969873,5.808445687712708
12.48683305592477,-5.557141515978011,-20.652164181252324,0.948316530440557,20.75130856125449
7.209165150621815,-16.86718748203684,19.214453431730423,1.6068967106930456,11.457032403267478
3.223834414230028,-10.847785959937744,-1.8403555176956765,26.470173384217247,-1.1890168655483946
-13.377841335075548,6.772196285921461,-11.776827531540015,11.818843404694318,16.00310590328844
-3.170886510186999,17.97899311906754,23.00004943873024,3.604794026821957,3.9265619650439745
22.440874079810865,18.1443162755048,-2.7934235752001775,-11.211351348890956,8.420626630458706
27.518605619764266,-8.235706760797614,-8.717200472350022,-0.630496642921655,-5.106587528076103
29.86894631257957,5.4016262515911615,1.7003250877433123,2.1511439767693172,1.4198425898291158
23.431970061266842,-11.855349271110907,7.265724828354777,8.446338277822731,15.937353365890594
-20.793908980056564,-0.5782148941007766,-8.274374633701111,22.78712935799525,5.59102596048875
5.561214485793176,0.30781583556158654,4.72674421829131,20.880012139245242,-19.51736664808875
14.051083632294732,26.90133814322739,3.537039312860226,7.346873868328068,-3.452137411661539
20.45813446508721,12.271455008025843,-8.046575410836429,13.393977175995477,19.861469984629434
-6.661570756846215,-3.2167453054941992,-4.7471266765231785,-4.670560249132634,32.987845120325424
10.073646647771609,-14.288356165568809,6.441573780650994,-4.42852830678115,27.852325898622396
-25.9208252053711,6.647481419418527,6.117913269913216,16.552334842569344,5.784047954178166
13.040505417345548,-10.244664982545698,0.7654047054094443,14.182456519268616,-17.920691857100547
20.338441585152527,1.0008023173398324,2.775089298553405,16.324439050476105,15.206929900197762
-19.37565875168334,5.05412304790271,4.507573173190007,23.518529551900198,7.191009166212225
15.424067518550112,4.8651472016022055,8.114017787080364,14.21716356116923,-19.50399736985916
2.359123881733983,29.65665709459631,1.3676699190132553,3.6838854923819393,-8.607600016579203
-7.087367421326348,24.403098153560435,8.891290832273983,-14.41396480628014,4.273525446674104
14.072153538525798,11.471970284303149,-23.134059232351728,2.987207823596921,1.2061184045717614
12.576119250227476,-18.82810477253289,-1.2946753950542873,-12.252956693645274,3.2587987189519674
12.672840661797714,1.3743233881802837,21.08516883677646,8.50602006090388,3.1955190428913043
18.142368475225567,23.58997007405497,2.491755768510833,-4.647930668389303,2.828797837002443
19.928797873004424,-14.159795502613154,-13.166864312136946,-2.114761402341552,12.761318706766563
-0.028768451451129495,-17.989514468559097,9.564729360544058,19.290752102529826,7.541112027667309
-12.984281229633595,0.47151844771677653,-17.1644072377992,11.09088743604787,9.876986116510299
-4.727899523861429,19.23241049777187,14.88711451640502,8.659470859269737,5.736738190594884
13.137668224208259,21.319666168896497,7.215578974588165,-11.412169023427097,9.387753215197268
22.968748892789623,-6.046562199338481,-16.812285510150947,0.08376468103851752,-0.4784665518568916
24.91030761394734,-1.2551060638587859,12.26554057479123,2.3219112717489008,0.8915056860144948
29.131965718777582,4.195929264711322,-2.7072346155146962,3.643601872556555,10.192644416892723
-3.850791963601871,-16.93141394105395,4.374540624989327,19.850805001713308,18.64657388775596
-20.922740620226424,7.692603443018225,7.746247948837187,17.00301088843533,-6.841310520801356
12.642264217551682,0.6626957550702088,8.736537796673721,5.782712658022236,-20.435920001127627
-9.389019136988681,17.089463840138475,3.9684839389050897,-6.494111665978191,-12.830665310006237
-8.100602646522502,7.052912128077601,11.37296582499168,-8.67980653729417,11.751798079506782
11.910787379758322,7.17404462643108,9.565226138508194,4.529395994903206,18.376310050772066
-2.787133613651689,2.8381893992221583,13.346196395822881,23.383787859756204,13.551690262394088
6.570729956743662,11.06200250006295,20.780865691665937,2.430406093089083,-19.768454319462343
4.694993799054254,10.959969064784406,6.553873943953184,-21.062745584139765,14.13382311395589
14.561979274014337,6.317665837789294,-10.83575404601848,-9.397353414525321,-15.801944321768543
10.222051777235944,9.810896642902614,-7.202183369892504,18.447912934358143,2.109462792512765
-5.204273864172795,6.4815766766463145,6.0199464715957385,21.574909979505314,15.320005084791898
1.3416943922073752,3.2410287211245543,21.815336043064022,4.1289027938329586,-18.973485085239645
0.1212137247654454,1.8234488533048827,21.379378984986893,-11.380918431424732,13.226468924746818
5.315364893443235,8.379761772432174,23.638796377603878,15.400857873731772,9.890122685325435
9.584983902082614,25.10325490775912,13.870899294093796,-16.45245983838222,4.796577409168953
11.995590168969485,10.02467871344918,-22.401626928991824,16.319377849277597,8.47668950765993
9.113023460432725,-13.026780710723129,-7.378808869327818,-19.960166028143796,14.991114450299717
9.680827929972377,-4.545328559900394,23.197639754597493,10.239916526330724,10.143776487644677
7.299986961195402,18.279250963782953,24.789759258812797,-2.1880324565968268,-7.933969832785314
3.0539639540739203,23.329287902777722,-18.60485745559841,-5.721133220502979,-6.673523170455975
3.6848957929025774,24.78554488417018,13.196831456761108,15.514927957295113,2.1370030702160996
10.250725310768132,30.023903157069544,-10.031160598006347,-7.681892132536522,0.056723845539535855
9.266302194427434,1.4009105148836485,-12.978180148506716,10.300621968099076,28.976574760528898
8.735478275764581,-14.24590746469097,3.3096362192694135,-13.281032258088329,25.055489732240112
-24.54846480505705,-2.134383037497654,-0.5478803868673339,17.699368485278807,9.24441998923826
2.7928996039610245,-6.919402082593082,-4.185214077115515,20.172918343965968,-16.300275791216716
-0.5204959351536553,-8.28521240490041,-6.330422831062748,17.949099757015443,18.702629584514
-9.70515431680196,17.427676579611905,11.484276519890017,11.497987950209156,12.147437901622926
1.622654241309602,13.79473496974142,25.728640125738064,-6.699853099280288,8.306065894287851
31.10582288007517,5.784784722845023,-7.310303539818839,-6.479107340790152,6.59021520315982
31.24385518640433,6.86900097277172,-0.5620480295724665,-3.4837856233688296,-7.2530878537459955
26.126243558397963,-11.65623471335568,-10.632752994123072,4.821100468397371,10.825977748248633
-12.606655570570659,-19.103161957144632,-5.835756709871752,15.030654930537333,12.919606926906955
-11.408156895705869,21.709461090540138,5.580969511362979,6.3225687151939525,9.955932688523385
13.924697141596388,22.791942221980285,7.20693886463614,-7.71954334292255,11.353456188146307
26.908118312407705,-11.127766085830162,-8.62493341534554,-4.576481237258425,-0.06343568378739947
26.8178772345896,13.727039999342491,1.136737885163503,-3.480000454191413,-4.37462481971146
21.834439658562335,-12.506916386718595,-12.025824497760041,3.0855741687067852,12.779644007045828
-10.25115433289028,-19.677023738842713,-1.5537502653147413,12.527373674461804,12.584826138591325
-12.930343558877698,17.65924481472647,-0.14418175377393733,5.36339283711617,10.343858090362799
7.329441365845089,21.147876839753934,13.228702312270213,-3.8217335309931637,9.839138596167803
26.025202562314696,-3.6370951366405975,-12.606666062583102,-2.6158228186983137,5.56579663993679
26.15223212475349,3.0840821743809226,13.532913606556196,1.7394009139363222,2.7265763400000993
30.632197886782784,-1.637248652796174,-3.288053367411842,2.7705809187509427,11.467916068575319
-8.856224119323775,-15.337486183298534,1.3866488294203805,24.63662873914793,15.092387971156263
-17.035510939325654,5.406321064850867,6.056441223815345,21.228347594898334,-11.7013841823416
10.71909140343105,14.437175697958624,8.274438916653498,4.597940601129,-20.143310574706167
-17.121452713828127,9.626065276850237,9.788821361640327,-13.01011231398768,-3.084251289544195
7.80877841185076,8.331913894725158,9.96933966241175,-3.0073637996828144,20.13151339826513
2.6612623388637817,-2.412321710546706,9.123000658653147,17.0279019170367,22.626894334400543
-0.09016676256598632,-4.28047373731589,8.21173736684159,23.743422599128532,-16.936557570558254
16.849650298153957,25.550369572840623,5.467552922355824,7.9193751327989865,-3.9542104843689616
20.591722814112444,4.366120604210528,-10.000315192246985,11.784924304689637,23.543498905916923
-5.800948425778078,-4.6283764501950655,-3.182256477420006,-7.950323948944773,31.997619943423572
5.582344255993205,-11.766707447099025,6.459198028756849,-0.4466306630002145,30.076929096092897
-22.374645956537815,8.04799429603804,14.967313098334058,16.563754697117055,5.062847230061144
16.226428634206627,-5.099970102633212,9.958429258273963,9.72982766991858,-19.78064420512334
1.3009259969500495,27.015584794822107,-1.9942053219680567,3.404517125720675,-11.642236941944944
-13.16458671730074,13.893700569939181,15.36128102281679,-13.50173573151056,2.8994052182184475
23.845213092186388,4.640528444735456,0.8705991611172987,-7.2659089732454,15.382492645734887
24.41162687936692,-2.9199932027886484,14.325074068378154,6.976138778916111,11.634468622348665
2.8946523316057267,4.199652671008567,19.704873307110965,29.138978662938715,4.779039211572783
-5.466723540528718,20.10655960668866,17.329610538605376,-24.292910237749272,-3.127909637545535
4.356648922172836,13.389144185693324,-25.23208077961484,-0.6633396197359765,-14.43607369698907
-2.4565066841159173,11.132979260329776,-1.7800599438503137,23.300779682191422,18.67190033463986
-4.893477842557203,5.103780174933114,29.78612273290507,0.3797708861214766,-14.60075217662622
-5.500867956140652,-7.503407237051708,29.35309211645009,10.681860714374402,3.9956685808378225
11.361293839472298,15.410476951871724,19.80336123865967,-3.2200176651170924,-17.15933341222543
-4.705866076468299,21.1855706440991,-5.760935020070724,-18.415898929743445,4.277617369488166
5.048800119657768,20.69803598878155,-10.923309913439839,12.232515985667359,6.7516072859335345
4.689411229785077,10.023907714833324,6.36664402690984,18.57144318674536,22.51420471610644
-1.625221844893102,7.382768694116099,29.69734044759827,8.45016312064363,-14.421676108146745
2.2584504430263816,2.5697419785768343,29.54298420772772,-1.1299866692253213,17.12366825133479
2.605162430466739,12.341281186012235,34.27047417955543,-1.9626611914436445,-4.857224780505597
28.175120776802153,13.230999522099937,-11.882045766020342,-16.500551870233725,-1.4625506286355558
21.316495249609623,-16.181510806357366,-17.20583213399051,5.0344196484533175,9.822732495879634
-5.628516421328205,-24.325464867527682,2.3579444561996117,14.564789040567488,9.355515315618119
-12.58906088330081,12.3649810397703,-14.028395237981247,-0.0633550120155646,10.174698705566936
10.30943271646299,18.88313381272264,0.07545762692583292,6.336937404183827,14.78952860785565
5.457907991997109,-8.898675513510677,-0.27332217777405443,7.176638628307767,27.707336026065086
-8.87734210421769,15.068806215112557,8.577699774318432,9.715808980370193,22.09422404542541
3.890384434345219,19.198041685409397,27.985363735114884,-1.9834802623985406,5.632457261828752
25.957400640306016,8.504360096730453,-22.298801979897632,-2.783419273847642,-3.8736284475192653
27.70613660712591,-12.255346267150825,11.020361070364912,-0.6037263565220462,-1.6662029395212865
31.15498734811824,13.112499663494892,-6.775550866807598,1.3326816748746126,3.9107187142893385
20.470672524955145,-17.096246159141945,14.960416909482573,10.465484838574561,12.884125181058758
-9.192018951721158,-8.160529168311339,-11.240053370047702,29.94597120726197,4.5463268032817465
-13.382166123678232,8.23981406564997,12.894633083438492,23.010812231801182,-11.676484859306797
-5.756423540971191,1.8870716681915038,18.033838504950445,-15.635430371762013,-16.27476697052047
-6.2978380896485975,-4.233827811707663,20.457154345380243,8.346771941823137,14.722937222956638
9.736986073701624,-5.421727539932185,7.019147201831071,19.86666441059643,-13.193056650274785
20.363323181261656,15.448178598044146,6.930530531593332,14.205463089673124,7.801888017569395
0.5593053974596995,-1.6121781860842372,5.8154952083360385,22.363891609151903,26.7931197219811
4.951479771344385,-5.213140575251012,10.22321465408138,21.296101272734138,-24.291200399381886
-2.1666591624289264,30.600543607782345,3.052940044715281,-1.0038929988950231,-14.750613436477417
-5.406499875649638,14.728553619964861,13.943742894805712,-15.242746547324684,18.65717327572989
28.953530859754796,-7.79580830690306,6.323327174202436,-5.579538494796111,10.48410172254026
20.075061696078112,3.997301424410566,17.10995354455665,18.229309584830396,16.39310156500478
6.919834534360965,16.823718751965618,31.510852180116462,12.050467526978403,-11.194142886347326
13.01612583799327,19.266016510674213,-20.05256523783327,-21.657583288657214,-6.213626973140866
0.5621448248653971,13.690387233408618,-4.88755077917133,27.5671494408015,17.369971202406067
-5.232192342340736,7.006408081457866,32.595055141916994,-3.742760201407953,-15.346901206535293
-7.526028293430972,-7.240080098242979,30.205066159491167,17.30317445492938,1.85356139798426
4.467515663173568,23.041344013252264,14.44139041236896,-13.174880909192622,-18.23613846354655
2.0123138265800598,22.117293660166858,-9.639857812685726,-18.285090609045618,7.8170511621993555
9.058782197655665,5.657389803655763,-21.221795957272068,10.36769205556138,13.121400033097808
10.167396853076452,-14.29095752699738,-1.55932121343354,-17.247589433104324,7.8633161274820385
10.1208788493071,-1.4694412587375199,20.99921928057494,8.349288238297833,7.476882615513025
10.771757135893255,20.34618702435543,19.875864250743863,-1.2950926375659053,0.34244894576120277
13.784565910031349,18.53618347242968,-19.091155401047995,8.869993688253379,1.401166675199705
5.864983279924074,-13.653784954132098,-9.377744945250582,-12.138065816355343,21.570447875981113
-7.171805512039558,-14.368314863850602,10.521415132086652,11.868005798659915,16.96985010068442
-15.669356832118018,0.5323848505830248,-5.3276083427805245,18.574040322602265,-5.015897347628832
5.356644039240528,2.673624036808809,0.9147435850699455,22.257319066540997,-5.919561195812852
8.916811805416112,10.685337333255559,12.67965175751459,20.26622214678797,2.796300146647954
11.148915670472896,28.35632818809961,7.320952287084127,-6.600432788292414,0.334389613706213
14.331896117246183,13.311863963548621,-14.39896778379402,15.093474689481287,16.16517013490411
3.871578507861765,-9.947190652013237,-5.19128918453392,-11.804711588742167,27.799557915902515
-12.532823251305711,-9.548586031605264,6.38463373573902,11.378425542991497,23.641930939417584
-15.226423296356655,-7.72120092979159,7.265996007776469,15.52933383528669,-15.71343452323417
20.984551572527863,1.460882097093227,1.7637529856788785,16.79938911191523,-0.19920188691722848
-7.132149404750703,-2.4966139071217577,1.7762080351178426,23.474494882537268,17.740579470850104
1.6135755159268452,-2.758403866905046,7.343145138831668,21.302320492322337,-18.81348911036632
12.370351820374072,26.847264218558674,4.047748483820186,5.040714473506461,-7.570292401996782
7.851952797989117,30.79421471891289,0.6164247022865207,8.18066529123615,1.335222110254392
22.457282425504353,12.921933349813663,-7.87569288511902,11.676926041501495,21.084741627441524
-10.654509084900104,-5.751207745978345,-3.9257669127964783,-3.833652858620725,32.81546577022896
13.847283039884136,-11.685865568484843,2.2919725365521186,-6.464327623929412,29.218147608800816
-26.540698162993603,6.45768995001925,2.1365489881418673,15.146911375205006,12.495776903768803
4.541375338950213,-15.826279152067794,1.9991712687047076,12.223135708645318,-20.67006545475979
25.20800825553449,8.77252995190253,1.7684988771368728,12.51381226879767,5.653645403151287
-10.618827233378502,-6.534709226005655,-1.614979084634957,17.128561716145327,24.998075289187067
-16.078808842294276,-4.670320419123545,20.761204690252498,10.489477228094925,-13.90290838644937
12.140559064181197,9.799565081699672,14.667189522458692,-4.79898578333766,-18.388127975032752
-11.121004199901265,14.072095704956135,1.8275373853071648,-16.892625122512293,2.8003003116805525
10.589050254572161,11.683486007051357,-15.154934513119905,-6.5543235763800265,1.496714133108831
12.728698376929128,-7.281620518694013,-13.76176281983333,-0.48337349844018596,5.519187345894919
11.764672744412952,-10.74299113254487,9.040202089360445,0.11250488403387848,4.536971623367133
7.6601145195983635,1.0713304219053887,14.257974944915565,15.584536744899916,4.186569389134164
8.864702227540684,18.28642075364187,18.389646704060755,2.4248781029735715,-3.0376118292025605
7.153242843100231,24.315444474136072,-12.994008172691748,0.2169556127956623,-2.691363861957446
9.345199311616973,11.339822741796844,-1.3067243394266206,17.027849453996982,21.582555365193365
-10.252668533767723,8.905706418630418,20.259500005173972,24.20805036592992,3.5158652260351544
-3.72140346429482,-0.8920330607095978,27.28478636284722,-15.65664391323075,-8.563880639338079
-2.9762943232579806,-2.1544034263317258,28.774088538846637,16.12902263313791,2.9303008950133798
-0.6130822693566007,11.11800127202022,24.104746936022547,-18.075692363122904,-7.184262899047815
23.618335990328102,7.7824906971279555,-7.052159272344388,-18.473169799638374,-2.666652068735144
12.61545304306536,8.972381801239864,-14.637334289053285,18.613968408959817,-2.5260451194089155
-5.613320335073413,4.293583324231022,-7.925569940299423,5.985095030988424,26.70655505520734
9.721391794855332,0.49202937349259535,-2.2862703481197855,1.842970946834469,29.39567206668968
-9.586819012142064,1.591856901152489,1.1573492271931907,5.936726965533018,29.969441250808817
-3.458367769542076,15.131175476676702,25.656311981021364,14.063438761278586,9.335066080719983
9.2495702353707,16.36833364204449,25.02901869479913,-12.236999158300906,13.97570072603014
34.399308801536314,-1.2074701307622364,-9.160930453924259,-7.18841060673324,-7.138354364590723
31.022204521026097,-0.6755540013901149,-13.56755081450266,9.139960800177528,2.0601909059898125
-8.042883460987333,-23.39556348482634,-0.9913712399112373,16.28466621891499,16.409736252498508
-11.19557938134089,24.345790228110918,4.566622872704736,5.518802977784801,12.866769370883187
22.857284042777074,21.105126054665142,-4.5979510360584825,-3.1986026716925022,11.666915661544687
26.559582838975192,-13.182786958146611,13.552719350940146,-1.2363963308240542,4.030435669513929
28.17308044388527,14.730012028614821,9.956838865146375,8.315641296573087,13.294278094465339
-13.824207033996428,-10.108513343169824,-0.9005801833643086,20.577514285301465,28.54920892416119
-11.812560697896815,-16.895395665649648,12.870626050281263,11.663439991306923,-23.569388054629695
15.462610642788597,24.882820511681075,-0.10048882746813172,1.395522608680118,-15.717629502927567
-7.129699227946674,28.073340922536307,13.567117236934616,-1.7422701736508346,-9.682043762707423
18.095266239783076,16.057375861665413,-6.804921567969504,-17.465435520309313,10.194171331717474
20.588334798783226,-2.1395790357165017,-17.141484721341367,6.520386738264363,-7.189200624313338
12.922209434327703,-19.60347372443297,6.922682368751777,5.659925524420177,10.024780780389381
-13.697708369953649,-7.83643184101374,-12.06895823715653,13.130632659819941,9.10956195483074
-11.417289682196062,15.24004361993992,10.885497571352747,9.943021854532883,2.93084704862966
-6.9730322680661185,-0.15755595382680737,23.90486417420142,-1.5289962859492818,2.3283511361514826
0.03228009055766895,-6.285361514025115,20.836987767490974,10.402137654203168,-8.44926696460247
2.2403428684542948,13.247174706208366,16.243628215256535,-13.323301222459076,-6.432241381777247
7.017080476802703,14.915261324103986,-11.84568488913611,-12.95999302936081,-3.0899062439834015
4.623551183824618,12.854281657158655,-8.579103060978186,15.114558753477287,5.590817010657806
0.4892216807198432,10.940800579417841,10.21191313682475,18.88943195152358,12.905690953424498
-0.16233769963002803,13.834855076154884,26.20502901645106,-5.85036735291609,-5.089972746550243
23.762535899290068,12.089383645891969,-5.787643842387942,-15.215014256011436,4.181372692876823
21.227805163148556,-0.8534866549890415,-16.420662674901166,8.886379455329207,-2.6307392873239226
5.802715347028107,-21.74263030039805,5.3006514528693955,4.535058518984998,12.627836521597429
-16.69258398661044,0.5118566460048347,-11.2456345165401,3.4449378949273206,11.299978967422984
-0.6245296447859431,18.791499222326873,8.675030136346933,4.0650516184454935,10.827044119881519
21.352333972038284,12.740542109197968,-2.0236340305855474,2.4866729428988283,13.880926809097254
3.5635073542423146,-18.399506263572835,6.621231289395323,10.066750140887487,20.75697835996361
-20.925404073686217,12.179250828219166,3.8000985879214846,11.648730696934058,6.293271719571723
-6.443418133052696,-14.866025199752219,12.134256035271122,6.097525997276226,-13.791556537965805
16.329732537519178,8.814697501851267,10.77674673291118,3.41442482494352,-9.897400957043327
4.936343487645804,23.512570770429853,-4.867422774113603,4.116937820596132,-5.208372736122207
6.858134500369689,25.848105843043193,6.042541695650675,5.767614365798969,1.8948610462801438
19.562728029692146,17.630380202443696,-10.097140838278406,7.993431291320034,12.004211079622817
0.5885147551530293,-20.673069090483505,2.782258494632428,-1.8183142285270484,22.829376764889243
-11.824259476058074,13.875756020953453,3.0775986024471327,2.7053843512571008,22.017850955689767
15.084499488488214,14.343305821510917,10.779892800513954,9.701455799845482,21.17363136636784
-7.803328554492328,4.413193769941421,15.927102050273527,30.143516805033716,12.808995538308942
0.3128501896455869,18.174439121135833,18.449141706920614,-12.001791786567509,-23.006130546728553
17.915877906252245,6.805451241547486,2.6023290950418434,-20.04224324555745,18.340374568231745
16.321910551019016,13.283690883280572,-7.406668090633359,-11.981116454721377,-18.51540103063764
1.1638978262225368,19.06494665483727,5.735337058919997,16.651818776479985,-12.700065925483907
-10.532749519279255,9.788023130011362,16.238473293467887,-17.271118918610533,4.1428753234839775
23.114891615803096,1.8271421515799293,5.108134615896719,-4.87543193412495,17.134799641126722
2.3095920444715867,-9.01757024683303,11.815453963090023,22.85674491473661,17.431327105402247
-2.3908006692604578,-4.000847112270434,-6.49968790623536,30.33580782006886,-3.6050736710641416
-12.60440456132724,6.866408199851539,-0.8336063633515582,27.330692782471893,6.074680092311157
6.293735664928016,9.938145816100615,16.328272962949615,5.150784220728259,-22.783415446519964
-7.102660631342253,5.200891115561572,12.21005000977013,-18.104514015408952,13.537680040260195
17.86334260058621,-2.8837236231566483,9.571365318302519,2.5893344368078997,20.891617325938306
-14.43522596919736,-3.4741665871738765,4.556595470305204,27.46907890815813,1.9330051921990132
8.849913864730592,-2.6441847938428085,-3.225697961311413,28.636226851992795,3.7826601100651267
-15.418106205956414,6.893951504894751,4.192120965342395,26.053403144102717,2.3431695980742524
8.87269394819247,11.814351676752665,13.3364698387717,4.188908933253905,-22.231541756294416
-12.537424859523028,7.1736212000135415,9.853922641513092,-17.886731104572796,8.107426104769226
21.644081482633574,-0.6065497591250724,2.1158598146885477,-7.949480714067245,14.233960916386781
18.478510675218697,-2.819769749271968,15.031356888739877,11.153878842161468,13.549060652689434
3.2967382064365163,3.717515969054889,19.542044394771818,26.220868736147363,-5.848543827794516
-6.263705109125125,20.535267500678255,10.344128306183316,-23.583788433611126,-0.6593540959545922
2.774764959766113,17.36732051087227,-22.834668115674752,4.425668436154321,-6.35239643971643
0.8732704481102066,14.988710056727701,5.787285893097392,22.097865483644153,15.888297902729203
-1.3024069612549933,16.47980968472893,28.76741700260285,-8.977003971914456,-3.1744486880416742
26.244388896965475,9.191682422789507,-13.70973031650819,-14.46194139897334,-4.557519224245398
21.202654315755158,-10.973701598070328,-16.042195967234584,8.13775146224198,8.204296668212388
-6.032420697476451,-22.941560228801194,2.2553093266527364,7.992326654220989,12.773269054608885
-12.679734961482064,12.888235301603151,-7.403409121848439,-0.48867970015231205,13.060100239039716
14.143447446704187,14.282379266084789,-1.975961794886997,3.510676903653674,16.609902843745857
3.0183050720515996,-14.461411912743221,2.2656683530730652,4.5021298785634105,23.701576530737043
-13.947163875454876,13.378150937718269,6.880556950684693,8.487693121486021,16.750055179180556
-4.53377942365304,8.379956863791831,28.490175008294145,0.001814372284425353,2.8179036767638874
5.0706181963213215,10.900510458659225,28.948321543465983,0.13113171516187483,9.06595569459932
29.95846450087877,15.80675932998526,-6.217703560842994,-5.474846266645523,7.99068883062138
33.536292068530344,-1.8031755224645707,8.23496692119911,-2.90856693599794,-3.4745723780608295
29.82905699131365,1.8824855072563174,-16.672224825549748,7.035353048531426,3.0933812906563403
3.4600487800029525,-22.842993887100416,10.078627791848938,18.774634618522406,12.828113898697453
-18.160756043465568,13.676024920562329,-13.28833893179476,9.53368946039686,10.790347854230717
-7.043056105531059,14.38171515312212,25.279208209274504,-5.745463512597204,4.235100608752408
23.290050038156238,13.24182207806792,9.722536160622287,-2.333027790180229,17.749663600976977
9.034992124700468,-15.914616281606278,11.132195306594715,17.65721510885224,23.037571916939292
-20.140776263322167,3.8028855257099634,-0.6252537623573377,24.978518507885365,-9.269595861105811
19.153218072502096,10.024378977531995,4.252902102911886,23.300264533543412,-3.3900146941603797
7.809940500595919,9.795488800122168,14.825447374487792,26.69259177045432,17.224435458007108
-2.7208440232686937,17.688761221781757,29.0384307218237,-17.913239635336712,-6.012696627212403
20.5812052235391,8.433746090030315,-18.38873480506585,-14.646976566025263,-17.403502876281188
6.492245100880931,-5.299193732798045,-17.18562758800425,15.530893829618181,23.613449997290328
13.972189494242663,-9.24268843054586,-7.224364997880532,-22.461372496243605,10.65384102192464
17.317098837561023,8.945154534663937,11.123948664312497,-17.238547465472788,-1.2208833664987608
-1.6285370314456669,17.313607083043873,-12.232973282844466,6.150206917872561,-12.25134954681943
-4.252132951104525,16.215979521696582,15.682810177812861,2.2591524742914415,-11.935064587268036
0.9666998826700869,7.304351380519621,15.91808836394765,-9.874337962260789,14.943862676959391
16.408478819172014,1.7452061736089832,9.904395619085642,8.32296829252127,20.7177789177273
-10.5705086824635,-0.8904643647054304,11.222080934615718,28.652097748663426,-1.8845434672634283
18.190789440875207,19.79734029040736,10.961487875754258,13.344111322808642,-9.354865536591982
14.37876955046231,29.05957645555315,-6.613881942987091,11.615785334005482,4.700553736513849
-0.11090788732513387,-6.811914954338131,-5.768114194388327,7.160890394930011,35.861570431245106
11.662982104864748,-1.5069712219426874,-3.033462971029859,-4.072123006266405,35.314289149465395
-19.452675344050935,2.1012911858195973,1.7206910436468905,8.877989825214497,29.52551882733939
-12.193213113939132,-0.019310285310820907,34.099771204898914,4.914794013806755,-4.223931418694796
12.92024045021398,0.223896506767293,26.959659222219802,2.057308497436455,-18.043533035187743
2.8698009855394715,18.260249719686836,-7.7362785305205835,-25.157756972184355,0.9101244833900224
-5.815600300576414,21.2625896549146,-1.4157621525942068,16.749688315973675,-5.558111224253706
-10.755256499504823,4.770070541457655,21.721984712502746,-12.890006977004962,1.6049296576620855
-4.137179616092814,2.3031208118448507,24.27416150849572,13.682440827451675,8.005809968172649
1.4825505013530775,5.2416469775207135,26.48161741113696,-7.248254546651653,-11.64266045071354
17.63238008003925,10.07144153955709,13.930628082343024,-9.339462351044485,15.957538590689564
30.42209261977398,-4.235161985945974,6.672829300347279,-0.05628057418448731,10.207432020535345
5.854632088147174,-4.40148862480529,14.514814421580768,27.603478318165845,16.866710830232492
14.242893132846863,3.241143674729503,8.494658074530113,31.947712657638824,-7.648588922377357
20.76869246541329,29.467197483544048,15.238107509834549,10.324965341567735,5.87646742633193
22.689827461312234,-26.831206715424027,-0.7426352165341841,-3.342973908346515,22.603872389907252
-27.33766995103731,14.38550117434371,-14.583657640432877,3.1607957242470555,15.066682517814897
15.852718450609297,29.06517308664825,7.530218299388398,-8.377416907819718,15.08663905130806
32.77666817687961,-12.529656732409725,2.542941253117765,-7.681408660974428,-6.39504447455704
11.998254815254745,23.110323304502938,-16.16338780721557,12.785367678471085,-11.647623372917774
0.7709388616887969,12.864782118051096,11.900284342481278,27.98003658490656,18.283433013208814
-6.552368743009142,6.948302575147348,32.281907054193546,-18.561212805754714,-3.317284625696464
9.251136540740932,11.033655400318631,29.553341458065496,16.23024870144053,16.343237211232964
19.560896252672347,33.099861307625595,-4.418826611530068,-17.677996615073926,2.4863076972622156
7.839331203740174,-12.01129833813791,-24.46554921475189,-7.983029438817088,27.294135183802986
10.189866975801037,-10.696784261271853,29.82012563551105,6.132678358097438,12.043923178883096
7.25305704918562,20.95980652716879,26.123996741666883,-8.578509173229591,-13.139024053408699
-1.2230134604107914,23.86123741328979,-22.048050534250407,-5.887352296985135,-7.838665680321138
-5.211146869780585,23.501509757417278,21.897026626156403,1.8173808475480582,-9.056083795774892
23.119165238838914,12.06946721583277,1.1321611378870677,-15.960470500351583,14.248717715527826
20.253429824954495,9.61580933276636,-13.060649321071992,0.020001621883802927,-18.041441589512647
7.059944590436489,-11.233400236643948,-12.246375945209268,7.236354916058576,24.09264251293001
6.4812001306388085,-8.338286813254625,-0.2833485327963309,-15.230784165559967,20.883870883579906
-7.365192000302581,-9.91588590055575,10.094905219915116,17.186137401517456,15.45087920525946
-5.732744866006551,-3.7390067499029627,-7.082258702932656,23.42794266503219,-5.841862062468563
-6.590814382993857,3.315386344440343,-4.748230846077464,22.84768270628689,8.852167047235092
-1.1427143405643982,3.7561377350451064,15.229913118259487,15.760264076319237,-15.222850942747307
-7.577853837126534,6.322578207186307,15.365049602541765,-17.10878332815348,-3.6697195266827634
14.960744709246192,4.6997454563796675,9.842396954933509,-5.023343943692063,17.377137090964048
5.818686102460491,-5.187211897333789,10.79075220393995,17.916795924631142,20.395863419532322
-0.9270016866236576,-4.092847885197849,2.988787610988471,27.560682654555738,-11.515535553701548
7.469219576426651,2.6727197787974664,6.321595382965337,28.93342380251894,10.176919791666446
8.265956491897272,10.529106329267782,20.65373314991584,19.392304522439552,-15.39721477143124
-3.4522158431107584,19.53993873482147,2.9823320718552355,-24.674628838803383,8.523031847108117
5.887102121433314,11.929200788921076,-22.99528481614483,11.58217118002692,-3.548435501808947
0.3925725259990467,5.058771492180355,-10.952874179335058,4.633260866912782,26.527688453919858
12.0208779057609,-12.447138776749394,0.13298140024564328,-10.656455179689395,20.56040891081973
-16.175542236084148,-10.15246255257084,0.28711846271194214,18.499179158138194,10.568480567204157
-10.65725392616612,0.796185667224559,-1.274671655484056,20.36361105736157,-10.092951491179571
11.784298267821562,7.076067586111347,5.090387423516441,20.59934444233142,-3.1832854207770835
14.716380998931285,18.596102838809337,12.744025737322994,12.751048139424519,7.032376333032514
25.821273160632497,3.3586839368703854,-2.462656198697506,8.736403610767827,22.42073371550359
-20.5426475334805,7.259699789276147,-3.650220375021775,6.9742096309380734,26.39128814359449
9.137564123428028,24.179824857126622,22.63827439214428,2.120735881513635,14.365924437635226
34.551506791883234,-13.709416664789472,-5.545882486985594,-5.072917669620549,9.348024280640212
25.52508819702109,10.537756385421874,20.95619981897309,16.780838304882934,12.873852777752722
17.774418766849838,12.980487014874068,18.10603738560156,25.355012133194688,24.285547684895974
-0.7272459726479052,24.922131839983372,33.555902023163924,-21.984775709936965,-3.500293736753852
8.616282152708942,13.81767343473493,-30.674325946028205,20.943482229117276,-13.66164392899652
0.8197788220766825,17.618532779619407,-7.627734640244054,6.75990917682424,36.51016660477481
-2.2524755273785395,-16.253924197286924,2.0736063960342253,-2.4694303288767174,38.1688175441985
2.771704111984079,16.971535300290082,11.497775851401638,11.178237883065185,34.04023036024243
-0.08941097939560873,16.310369738225894,40.0068498982542,7.900884648927551,-8.397772230876981
38.02462671800762,10.15881722032626,2.6619253183979823,-14.563999592900641,14.602788196742985
27.914212863662833,13.985555852370558,-21.104039436342916,11.880995273044064,-14.541743992206557
-3.9822583066436033,-26.546116995217304,1.7003070388775055,-13.814020572092181,23.980428962158506
-9.27464189863801,14.469513542321309,6.014934364817054,2.5846875293627662,30.343239492473185
6.6377422847215595,12.115602019557556,18.70766521158174,21.907268467963625,23.389213262458558
-1.7243477063220412,16.65624416480551,32.708734036182214,-19.227264284526903,0.7422317942316796
27.296851273507496,7.411455841132323,-17.24344618611622,-11.818114451834832,-18.563200187356685
8.01806829037986,-19.58782333100043,-17.527845085881385,1.4093268859113632,24.570045123161357
-5.227098019940247,-15.76286573245312,10.771186096692736,-1.8234503779965532,25.323310345187863
-23.80733444157853,1.9593621803229,11.46896049839621,14.703499858419846,-2.4049726048516615
16.326474859660753,-7.501254013866073,-0.248899141131009,14.824240088815658,-11.515829738704433
8.423615921430699,-5.90382265788712,3.4326563207530802,19.899891878481125,17.878996970663838
-15.59001379389978,2.4371464615412117,6.323811234305443,23.034885248874126,-5.82805883075516
15.932538655094431,12.597693792823701,8.085175336242534,12.797219998240635,-12.98519042796341
7.245720669995216,29.21140940451176,-0.6938860884494796,5.209559040383773,-3.059134180795883
13.200933553017732,28.537243114145717,-0.6727852239427017,8.403803400404144,6.783550309308216
9.660610940382895,-13.8436604896912,-4.943598446050211,3.501323887524167,31.179679265263626
1.9760702058162314,5.922838812098284,-2.6379768677534736,-5.767949376840919,33.08113885628421
-3.3519442619428443,-15.574796149394631,7.5358996699083445,7.70806391620473,28.343637741791316
-23.64088852674249,1.6593063306747464,16.693432563822732,13.431401325098234,-6.459511737680943
20.850406969698142,-2.9796123030442243,6.121006453977721,11.177832678254312,-14.115711690770063
24.836659772462163,9.00980347512445,-5.798516800382693,10.595032463163882,11.11549091045279
-12.430218503019608,-10.495324222157837,-4.824480524206029,3.9370641207784547,26.206080205806664
11.348435324149008,11.557373869178353,-0.6976579301503816,1.5779012981310385,27.075496371364164
-9.17194003207292,-9.394792987823651,0.8906522510677736,7.539421871387151,29.3975492769703
-10.32824258157689,14.698561965676546,25.096432162105007,10.61339433162636,8.249350396916071
-5.072771880658146,-4.5947381481978775,33.30322985362254,3.5406926249182673,-0.5642341201912524
5.82405243536773,4.620442565913378,29.916933771635886,-5.478220027311233,-12.180950864663128
22.805464575367996,13.181430826125817,-1.0759369879609006,-19.617888322617492,5.468405970099579
15.68891389465361,5.626554334434536,-19.08241487101017,16.053731241377523,-2.091755829243605
1.482075921550483,-12.301297396979079,-8.550449655672523,-13.902896921764777,18.664972260884433
1.6748087068934365,-11.647510339454866,13.842650080653462,4.505416934752853,17.47907747338225
-10.313179821384516,-6.031786684206865,-3.794671087896354,21.131277289166206,-3.879807169912499
-3.7054471781636464,0.5075233339842555,-7.669733118205754,21.039814824005504,6.332220909058156
-7.119457984838847,6.550219037134473,10.536233221683487,19.784644123569972,-4.535584699446818
-1.857826392210942,7.5887283268528,17.710980313917574,-8.41707352577432,-13.336919493252767
6.106838609926267,5.60676703933368,14.144975188507583,-8.568999885997844,15.168019632218117
15.467673165262294,0.6774038746331774,10.467930494563097,9.524265052089303,19.39531699654005
-7.802514398818141,-1.093967123599787,11.991055689603774,28.049203868513775,-3.9290525984264573
14.559906459703868,23.017228774004764,11.750845507803657,6.673909873239348,-11.795352496438433
-9.34367226830766,29.66359746105515,4.792540656420743,-4.987420226563025,-5.359492646828292
10.681293269114361,24.32588681938591,-8.751841842371821,-12.413556151760494,7.500717168069102
15.915123099646621,-12.94985203999865,-18.691516440946405,-4.657270741983892,7.878610651110906
17.179161564643163,-2.6688330311023507,20.17590061999866,-0.011817575122262794,0.792021415068691
22.25166897587384,18.697810573155937,-5.878330126837279,-3.740944788094115,1.0048747149312505
20.163430567205687,-18.49387022841415,-3.978961421012732,-3.2921007480080253,8.507698301501733
2.4753474953419143,-12.526469887421618,9.024763955151002,24.145911949597892,5.327647512788286
-9.971674271312331,-2.568279997917709,-12.353490088698177,21.765903822387724,9.208301322917459
-11.126895956142295,5.982926232180244,16.740140277153273,14.601259610832097,-11.533957450111421
-0.803365436576453,-3.3632277533767256,20.70930475423369,-8.546047456227953,-11.521229853300648
2.306014346062887,0.5506193742206893,23.832652542257716,1.4662535089696846,7.405621647493991
5.330001351601597,12.075576448804956,25.545024090986463,-0.10984789405098527,0.6560407102186014
19.72432080390407,17.426266677084406,-12.232070662466537,-9.73574754229436,-0.9639039429761883
16.25487039805654,-15.887113609587281,-13.966142497231669,-2.474186911736891,8.650667318609246
7.799763240445979,-13.405756470949386,15.41263550894409,13.35451824242627,5.495845335465202
6.720741785269892,-3.527279936214269,6.090450156293595,26.537941105810404,0.6280840965309409
3.289945750721379,2.538762174522952,8.908600759615926,29.48536753859885,0.9771318469891325
9.063384911713785,23.62857627681428,19.436949887935405,2.4588023869000075,-10.86649860799965
-4.223211380866794,29.298834510576384,-9.118286227857855,-8.69928521602631,-0.8313129445890447
0.8330825867954197,31.751211253141342,7.515058313766984,1.2425738786107074,1.7148225002137005
14.26595618745567,25.552792865253434,-13.370609141899065,7.860160396896382,7.1684353036856585
5.495378839135654,-18.563115665412937,-4.255822261183879,-10.447045898491805,25.637684902362075
-18.927881859491784,0.8536998025748715,1.800776765761867,6.232802552017033,23.99351863104258
-12.067454789853358,3.5632091614345036,28.646104592512454,6.835993134604471,-1.3439456341166442
7.34293466473507,-7.352749844130062,23.35427200620429,5.731466741423667,-15.197107748665214
2.1689991073480526,16.0489166120036,6.523536505336647,-23.39775458904181,2.1525130451480914
-1.0168027363221193,16.31989051467972,-16.60509076538884,5.345070563822084,-8.229787936905602
1.464477498983316,18.969319636392715,14.000856359967441,12.193505886685019,-3.273164622611471
5.1577388305633605,22.08471616403136,2.922674746202139,-16.032326577717303,5.083718125601507
10.632333373493205,10.268618953149643,-18.8684377456061,11.239827446233619,5.7281410684251854
6.110942586620798,-11.003926577029214,-8.955598768945451,-11.663760367342682,17.09076844987936
2.929998206151773,-11.74680686454543,14.35952202874038,6.639555608293715,13.761387485500233
-5.303518752640029,-7.505406805824127,-3.766669369600487,21.83200659663944,-2.10428247915485
-7.640578804289108,2.085545782989471,-8.258896405246306,17.979224526367343,9.129132698319475
-7.532282746804156,6.390570111485662,15.791382252566908,13.984357132292889,-8.271157087154762
-3.0312321416816026,-0.646508529781837,20.212135238797153,-8.58620353008996,-6.903634572467334
0.8911442979995328,0.805643686110114,22.316496857096773,4.072187235828055,7.170165792644707
3.237935973155427,8.86890845086469,25.389233266720005,0.2691390027193268,-3.027990072125105
18.06911394545763,17.255803858080704,-0.10178803988960872,-14.129172819824921,5.687334582925594
18.990659617449683,-3.1650156668095435,-18.303280292058815,5.861247406140071,1.4559800126053695
11.591089283701702,-18.000256491515543,10.053313252546195,3.255489564496349,7.474072013309383
-2.4046945314782495,-10.833542818350976,-1.4285405370571154,22.82690601095528,3.8090491187565103
-12.212839564214914,6.416224465691028,-7.255010812208135,16.34986430545339,8.435242654415276
-7.139870179285291,2.0210567075465273,18.439600607680113,6.782981301960994,-13.218934366904353
-1.0146297409831146,-4.276498194309806,21.05606909885684,-5.067177142243328,-4.492942371491909
2.678719241423421,1.8460669982020474,23.382328708611933,3.1692588800006476,1.2909958038838143
8.517769449038367,15.19754640984421,18.829242395124336,-7.289531758759824,4.973840483574981
20.63456391379151,8.61437137896405,-17.112939522389322,-1.2854639740160623,-2.503823675655741
19.846059990880853,-16.47297455984421,2.2085961341439146,-2.08781585589049,3.6783316630986866
12.879300461255738,0.6961438378170137,16.92482783926417,17.945943962615925,6.486733013392497
11.636473022466388,24.1121491628366,19.14008491694387,0.35297465023599195,-1.7665144383133191
10.54984137129782,24.122630358117757,-15.30044144066638,13.394705534259565,3.763122858030387
-2.33144408148351,3.765815573704096,-3.692771275846577,11.454239079706024,33.4808802996026
-3.0976756690322995,16.64625580345428,22.016948481595165,19.601003296143876,17.993184375937805
4.7149828418147,14.783321560253892,30.77143660763717,-14.707645225364587,13.501830872947117
39.670353696776985,-2.2100415214197064,-2.4793635585284197,-8.789151617133845,-1.058074914912838
29.896500508136885,6.301602957250109,-20.14314628413793,13.204614792487556,-0.8872026595698334
-10.291952887099972,-28.21728029531283,1.3659100867389966,4.771270539127575,18.64955125276068
1.955764248422603,21.332397889347355,-7.989785423234201,-5.801516394276957,20.962873049463358
23.36575927471261,-13.887875958849806,3.9533569765569916,-12.332899258466863,-1.141509504393827
13.06621727830917,19.903488275318253,-7.619378229398134,-10.18033084455203,-11.617951695119455
2.8258442471795506,22.399148623383244,6.634684110335425,16.93454976583113,-3.218898197021575
0.6848981263685038,26.086489065205868,5.61337123361709,-15.341928674905107,2.0247654753359448
7.83450531080192,20.273938237262993,-14.087886620264555,13.30305116372072,6.454730988694423
-0.45052283799482123,5.090509458262641,-1.2042376104341517,13.426070206394076,29.476027707370672
-9.014417222173085,10.868504523616414,27.972469038186727,16.556268926131924,-0.11066917336741419
-3.630188892561733,-8.400448222669924,32.91338488051616,-0.04906779505154077,-1.0321655183189422
8.121283410786562,7.318025882099886,28.70973117943429,-3.4573893343572726,-13.81707246962659
14.13415215854632,15.370592070367298,-10.306311651558262,-22.028954335313607,-2.4214347528520523
4.094903742821199,13.400417644555445,-9.733210117623738,22.85634012853716,2.8750240629517867
0.6270480259644714,14.51557831014473,22.717304631128613,17.644902350336647,-4.111672304100123
9.289735035551772,15.884627837679918,12.99960681669736,-19.876198099046533,13.454342897498803
17.439270711814046,6.488240745642928,-17.90081868428032,0.35741623806136064,-15.928366841399075
8.311573685162703,-18.205470294286865,-10.74301751673347,-0.559055877456101,17.470366474181525
-9.114937533173478,-11.708137054977557,2.1499119449553534,-1.9777993425816662,19.49166853455366
-6.07311277340177,11.071710320120117,7.498251666436082,5.603362553289175,19.23064757520827
4.4169192630140275,15.872385313011144,22.15923107576292,7.998541773447671,7.64515253423317
23.179645237284387,21.101127408055614,-8.364654803177773,-5.875829329235867,4.524598505938171
24.158422564550516,-18.940212931571462,2.580741357528821,-5.258528658591574,1.9149472113951054
25.43019993256732,15.362624656237331,13.260905198519986,4.401964183973621,6.393657110825235
24.722095885581854,-16.761479130455566,3.268006669503125,3.827820921394199,19.177788974196954
-25.699122751069435,6.115566955562971,-11.398090100596393,13.374655597826584,10.90060028843488
-13.397447553317642,-15.988748303560376,14.831690610814189,5.109053769086863,-15.556789043631678
20.464807161924117,6.562341009231444,11.245168099018299,4.880672588882394,-11.208629459584042
9.696075887896713,23.827375062076303,-7.2039770360010635,9.748543747371295,-2.5197646179753876
12.207811965978449,10.87305403177894,3.0496634391992115,17.631832039013357,21.749201911900226
-8.730163901678619,4.616945307148898,22.331640440711816,25.295197542381864,-6.671225508045572
-8.024604611560434,2.77061767520846,22.409905847568844,-23.021554517785304,-1.8533072669823483
3.704782415831258,3.837866311385984,23.446521486508555,16.55432402920894,18.674879554836114
-0.38619769690223366,11.159466052616734,30.194506907770393,-11.862201131313851,-11.763674434051536
29.81102766396925,6.444849864586084,5.442058588645154,-12.104357739108751,14.00643533110841
31.229810146499887,10.055485150811506,-8.278929971017275,-4.554116028071984,-10.963141314401318
19.227855572144204,-23.245596596688397,-6.042059516811827,0.4148596138799104,15.271102034544613
-20.76272974313224,-9.364565883809808,-14.369385080093123,2.8685607275057645,13.865815032810149
6.828779359946575,22.167181745415046,-2.5296049834731527,1.456275046859303,16.70785843942278
14.472986332571766,-17.237058434041845,0.964988214623465,-3.0317172399636036,19.996120158886338
-22.159330210834046,-0.4616396842156893,-6.823917214779399,9.758440309616601,12.96995625759792
-16.696123285343006,-0.6234037157709055,19.541885314463403,4.812725030403229,-5.892333641510904
8.345912796639302,-11.989311067316018,8.080022225519633,10.00782191812606,-11.89723370539698
17.957237385071927,16.389752875088128,5.278037638160597,4.275528785324369,-1.902226487852743
20.650704147162777,-1.0046526652600398,-9.20997467651601,6.5767583307041075,16.398558644561085
-11.105791691353561,-12.363315493810079,-2.105827868368705,3.041729792996122,21.785083133774947
1.279145878434633,15.641720622953661,4.9878081944724535,3.420884262506365,22.05841625557419
6.512131607309644,1.345409660031137,6.614267402748071,14.959202312160608,26.928285345554936
-6.7918020405244794,-3.4968022275943387,16.46760291430218,22.16333024501639,-17.773530077112042
-8.653689208778385,17.92765890061471,8.904089046805478,-14.933893296270803,-16.956878458462512
8.864908955757173,11.140977749764614,2.746222276879749,-15.290206561077104,18.69190695329744
23.895506526344427,2.0710209547345917,1.1394752744231718,-11.071511322516653,-7.431717068391493
7.439864551514586,16.16894379437016,-10.24214456096486,11.4890933040053,-9.791437736620372
8.752805166923538,15.470398190574695,8.426782751735937,18.84821985851186,10.400219747208908
15.135792193215913,25.629916694595533,15.645471168386354,3.9286115188972626,6.825869476692914
27.590838258253946,-13.566793356920885,-12.342097828214339,-2.1623046400087045,13.936654476301559
0.914332595473664,-16.590951830046375,8.989557768983985,29.48518371712285,5.283567965862545
-16.753404496964052,9.182820152806057,-15.988463927446226,15.330063194962905,14.344328119201766
-11.017391510952143,8.401467134179299,29.811885055697573,-3.70081891078933,-1.8839198738770002
-5.690519928417099,-11.025914047528316,24.94748852709081,15.41260713554072,-7.7721022480786965
3.791719084237902,21.860148186616,11.605275040461901,-12.71802732386612,-14.91734942735176
-4.350799761698184,22.580872746155908,-4.762688015772942,-14.582375665407117,6.338450584433316
10.979347484524096,13.007059444718061,-16.7850747887014,9.149996724358566,10.925031360808052
7.78539205385098,-14.367369821283983,-3.988316239951518,-11.550272452066936,17.49125326135994
-10.81270750362674,-12.350135430778218,5.23173164341787,13.823603723295884,13.117828293061246
-14.479407609898523,1.8867361155151592,-2.2829438241961624,16.619476989697223,-4.533818822969761
6.34282660043986,2.602839836293808,3.3290181429568078,17.530693041867234,-9.935662319012087
13.499245141443804,17.30528542329893,8.656634890267155,9.978469743146048,0.7854252509613516
22.15112924670721,11.536559787293957,-5.843765472741637,7.590908286460747,13.842723603515802
-7.798549400669777,-15.424264899864792,-0.8754662815683875,4.6822526895073295,24.81206276283873
0.6649744791984746,17.85451906206773,5.893843350063148,4.1087970436412995,23.394321059653265
6.071476723950853,0.7288772080797749,6.895775945813408,16.885635197751313,29.153667891567583
-3.0039485626158764,-5.887179040708624,15.030481037670157,21.548984737484318,-22.330258845641936
-12.40357544501206,20.38097907025845,6.6916583302730075,-13.362909356635978,-17.11867553303026
6.4484556835235205,11.728643923294738,6.994819768075652,-11.808396972024548,22.752968822734587
22.232674597324007,-9.685932522433648,13.19680961589331,2.767755301285946,14.804483690759803
-2.1367348321985364,-5.398261609512122,8.604381083059007,32.18112340976322,-2.6540860107851296
8.855716893292415,3.1872191488600556,7.763928899627212,32.617759330111525,5.6437120401985785
9.710333375439435,19.898438994829416,24.53111965629246,11.048579746856104,-14.036248729263118
2.0150355580101027,26.36263850961915,-15.08708889570164,-18.76168886729369,0.6980502230367817
3.4120217662599184,26.15555621366485,7.488794502171293,20.324436741222037,7.085001846522653
15.191903946955211,32.89545340081873,-7.119635459850586,-7.322348227926495,2.0788330549854903
11.338970496094362,-17.196365499004674,-16.131566207232375,-9.956791827253053,23.713132114994313
-13.318668633865329,-20.23918761114519,6.007041411024734,19.038399677305815,10.81680874599978
-18.061263136458102,12.98150784405844,-5.837062656167949,16.712876414593918,1.2823781984312268
-3.7366050084899034,-7.62065101479618,15.292403674965916,1.232606846301353,-18.962064242123137
1.7630901391058387,1.044771035010814,19.024645197296348,-10.868142716880595,-6.014219972704634
12.67966220172821,8.86605689337569,13.458671552946674,-6.696277445105181,11.157839405058116
26.047415740302792,-0.23260236974338616,0.7503072266931086,-1.1349429263889201,9.692243518342016
12.108166162535323,-7.829320213832172,12.516512466877211,17.32370145597975,16.5386856236495
-4.545433326626622,-4.612962963655032,-1.5981397386951697,30.422225124066625,-4.676848760394112
-7.159725526100195,1.1024750523038358,-4.551183669462386,28.809112132178253,9.017951011052128
4.852778803460554,4.352327928031711,12.128810659367588,21.7884767914015,-17.822902292605352
-12.342970866328224,18.952371394895398,8.898975542820386,-16.7011097384939,-7.564791855430938
15.900612616022942,11.870207423582874,-12.232287426407213,-15.144591918519088,5.040517274302851
16.625772133373488,-2.663023865169828,-16.288993703303024,5.781447789024989,-3.958223141694857
12.136784237869135,-16.671374771387892,3.947918425603699,1.795973133287254,7.948231400678559
-6.713364900745036,-11.344059615928503,-2.4973642589536893,16.703910996793947,7.435533179356333
-12.447610569465056,7.82042615575621,-2.7727030149038443,13.557478577768986,4.8963237550813705
-6.017187909229087,1.1605970487566002,16.049111862332463,5.464445579274621,-11.316167686613296
-0.538243817939364,-1.545843477202234,18.432533275559233,-4.615405690961299,-4.926645538512211
3.6747239558779574,4.506210132512141,19.985714512984526,-0.5619697469030247,4.782766153401798
14.275116857830717,16.15457318449076,12.163381301251787,-2.508651905126224,8.381581469316131
26.360754368611357,-3.9567996623734687,-7.620907621525358,-1.419376565800904,7.075298479293293
19.319705028618927,-4.455268409440641,15.557887528349154,12.341985908798739,10.459883805325669
7.022086428614134,8.382741319325568,22.236042193830517,23.29906164633995,-4.209517824909386
0.851564433003898,25.146714946124977,1.2319816719140952,-23.67152721924706,2.400730811821094
0.040209291178298454,25.407457761999826,-5.049309948073106,18.786714722144644,1.6570539790184038
3.6227430120503854,29.736624256312737,11.718477920812647,-12.493868849894838,1.9507730704800257
10.721846509567841,19.338462545259958,-16.767149131152447,16.740045494662915,10.649589993639168
1.081037657395608,1.2206587190324216,-7.637724771295616,-0.02361582326375644,34.35045148096043
4.705426764516287,-15.385921292483673,6.693613248032019,-3.543308973764768,29.52078794654233
-23.39713411053447,9.674059137308896,13.507131383615619,14.352607932922131,7.576130437283578
12.492528365826127,-12.681569190908464,7.6101100064291,10.88095253546619,-19.140578178784466
15.870296352151719,23.901332353470536,-4.941659603111811,5.470116468787041,-5.639899819834712
11.016586067875918,0.2671480109028682,-6.246721858244961,13.39000706789264,27.480249510204853
-0.7591237343230794,10.493277056639194,-0.5449877252255662,3.682557470093068,31.962399019969446
-3.357054727091639,1.259333056927101,3.844756212882642,12.298108654340163,33.694612396479464
-11.098909972044732,-2.951978071442514,28.934220211974214,12.61537102859541,-15.719074323156363
0.4665215079488787,2.130514559479676,27.96781854806281,-18.452372676689276,-3.2536516447408044
22.06448299054484,9.721819066881219,17.393106639100527,3.3963076829073664,19.541318845997797
-6.330047933405441,-0.582300187642561,13.362403878698366,32.18327840158484,17.414146342481263
22.687327852165613,17.311969460885848,12.134889682492284,21.65736588253687,-11.230868163121183
26.737790543491585,15.43340550628862,-13.081580929102467,14.878679799931062,20.238724116682295
-10.559952500448142,-10.034113468700122,-1.3094798530779257,-9.059029156234288,35.576126535695046
6.054449024927688,-10.627594362792825,5.16994798456147,-0.20298305041938913,36.41760069308299
-20.8162930893096,12.233182241070429,23.822759086608812,16.714922856616,7.506787925197145
16.329527488736336,-3.0371539947831705,21.029374475319898,3.301121703943349,-22.651780494021377
-11.604811252705233,16.55159259164206,-0.28169276984014036,-23.592789902847155,4.4580332468603645
5.178464639463404,14.984792389579642,-22.023512385480085,3.6125301315810825,-2.226761029219386
3.5962058746034473,2.5762020398195693,-12.19697129797033,5.630958424247059,23.8613759941804
10.262915263480874,-11.745372194245865,0.014775353833542533,-11.548341580030865,18.667728472113794
-11.866432739573218,-10.556631727336656,4.64552186097589,18.055353152836457,11.180031616484767
-9.716605934381423,0.1969891951038888,-5.3200826474377845,20.725973606028333,-5.509197374757149
4.19476850894205,4.0470766393621105,3.32570387670471,23.705036070233668,-1.6275174291580052
8.73256797520551,14.994261217078325,16.91664741630482,14.272619532340283,-3.8632185597586854
4.033081233195758,27.708127153643424,-4.908335083882814,-10.003281944718394,-2.263905373963948
4.689910235195593,27.739946225583008,3.615680283586589,11.849180805769626,3.583725896095664
20.582735039937823,24.243114570090835,-7.049975825317257,5.1725100000391935,9.863483337470358
5.322292600784077,-25.553358317606428,6.55355706633214,-0.6749362247348287,21.182807896442423
-20.210313002375827,16.10534758223992,-1.7034006554488845,3.6884715346083237,15.647451557757288
12.489009942654693,23.24641656216324,13.081480565503437,-3.4687753070482867,14.535038272309707
30.1865821318858,-13.871210327289036,2.0548924381787907,-4.550356048368712,6.701686658470993
24.518223978216792,9.374853827755237,17.266275400849036,14.013755728330754,13.243147594092854
5.334072925310292,9.49689626918818,21.932684491922572,30.09067470233147,14.182807112402825
-0.08418648390334943,17.70342706548493,22.40266851019691,-28.50739405553825,10.417897994527339
10.355668056894535,11.104983409703038,-23.677318470487315,7.218103010847337,-23.986173202377465
-7.97942369523383,4.494705762984033,-13.466809826575995,9.350086335787264,31.39138742497424
15.899215376045381,-11.992151943272372,-4.358666672404607,-8.414863238114624,29.390548135452462
-27.40305355842713,-0.4146927936295286,-4.243703534685802,12.519033285745099,16.26534540653231
-14.364494904566158,-17.195792252272206,9.098373211686864,8.861547936145298,-16.718840089563308
24.00678118486399,-0.25280641208013754,5.843456681513132,11.782406819489633,-3.839072719096286
13.438174244881813,-3.2890323690710193,5.796794635852659,17.760841503100682,21.370336776195824
-14.44008985420791,-0.7890146862690728,7.110980245203956,26.25315003167493,-10.007995803529237
20.694481008724342,14.151812748287226,6.6637145265282145,19.249721349296998,-2.102320018374496
14.592469396911117,3.1931838202159746,5.328506187483839,20.14404232000111,26.933351106456517
-6.841650562213373,-4.970604895873756,14.26833155231905,26.167744829463413,-21.77666844958928
-5.2324072047150265,29.443897347936794,4.6175767762978035,-5.534580027553435,-19.238340481956985
-4.071853705537997,11.759588558973809,14.469176193884598,-11.41226960284293,23.94317282297253
7.366571686170249,-7.786092092445241,9.363276882711773,15.087899442922982,29.130103510314065
-9.537795743386084,-7.172257241832039,3.608476385775813,25.56435024500282,-19.498815924192133
11.899613044544695,-3.3311434985087063,1.1101302336336312,27.03768894520438,17.939901618260638
-13.808378033974144,-0.02487498298578772,10.436423314360104,25.735456832553343,-15.360698000591857
10.85696241888125,26.481315645417002,5.816329458280614,3.712852911087361,-16.1956604979479
-17.35981306348426,16.622775704835714,13.476927757396615,-15.371503461165847,2.5643349815539693
27.23790320138274,1.8501154168782963,-4.861875813933674,-11.803206045486577,9.606159797058785
21.070284701585884,13.457261596866212,-6.782070292885296,-6.372302338337323,-14.747318402068721
11.523329822654745,8.184520528195979,-7.988945976311979,20.386348366320938,15.960026825838458
-11.493615624324615,13.516359733150995,10.954838125008534,18.689698397730623,17.36561821078312
-4.947185381379856,-7.64972468132073,29.45492457717135,-2.367258176284267,-11.321722817918356
5.454017497564017,-1.330794077735879,30.303580116907085,1.4396435835352646,-7.620910772394845
16.335078876724737,17.173087875094936,11.02266130282935,-17.000058606391004,9.215093695924349
18.588078286877373,3.6180779632018467,-21.296214132417422,9.087831555101209,-5.244326427679282
7.580631125750986,-23.364649305752895,4.068969017036064,-5.358024596846744,10.214632253884858
-13.085411126232172,-12.934125411124564,-8.854129893830937,10.76543718798806,7.103872177636985
-10.249910752728955,14.853176863346226,-0.23330445221841462,6.9859711072467086,7.68018857216105
0.24013207594211006,16.148014532748057,17.192951319448557,-2.354920486165071,5.035620090160051
20.951056529155473,13.156254225707471,-8.374671000561497,-5.563890383600499,5.076961123108467
24.01538131656678,-9.745377609128813,-0.6358325317089109,-2.6179896059588956,-0.4668366924430054
26.190478242663023,8.766324181778517,4.223563432313632,1.3926032254000993,3.12926782710602
24.299901138932896,-10.830027099729776,3.6383618138082174,4.557847925334593,14.03075968797592
-17.80334441141429,-6.167050956189843,-7.2140229801839295,21.652594574438222,9.358650893169372
-6.748945527333304,-0.7155334837677019,6.305536357953932,19.14267604330046,-18.37798625355166
9.549924901034393,20.945513409555716,6.489438312344207,4.183501459898957,-13.598152799680394
-12.164746150474473,19.979091328576605,8.49525451698418,-10.076919690726626,-3.1894936465803942
15.227436364439091,14.795574674260251,-8.328355409944443,-11.643026899050911,7.765741118782677
19.761568738965032,-5.837557399973453,-11.478308876759847,-0.9017259475376955,-4.8541667174608545
23.513643501046598,-0.45223210784679024,3.867369327380364,2.361986165925741,0.472688471472986
22.901433060765,-1.1286174023032,4.342991228055398,7.513321720014621,12.976783325460225
-13.67826472122467,-4.219432366720927,0.6157405748724671,22.628708804803168,13.375872611358073
1.9439363627624806,-2.6487747823508787,1.9158017678534456,23.08748993484028,-15.582784137154649
15.285651802651644,9.824294662726384,8.239267969742027,21.81043590427429,8.96352655747893
7.248304926236033,16.86860883321523,25.21212847996215,17.381839877733803,0.16007124636362377
9.010697101027153,28.608636235281114,-15.822437416292704,-12.801831451825246,-3.7449529492103424
5.777589548885464,19.937133414831578,5.485762365613692,24.14031526378114,17.221410562341006
8.677963231006585,30.588377758611546,22.36606579291512,-10.742629281075136,2.8262805949310463
12.764431461683662,11.810581114086792,-23.83715061188063,19.404378152074052,16.675648334583432
14.21625166178557,-17.90404349414443,2.7897441803937824,-24.6155780336438,12.386609061822993
7.910763574640913,1.7655883621129893,28.406011068109816,21.333812594102348,1.1415058218346603
4.448622700847772,26.29806897398542,2.0011577783000503,-25.58735912047215,2.012748936247523
-2.0473107493706024,26.930130299020004,1.4733619726631635,21.202549137991394,-1.5643975700330754
0.6119056213381511,20.057621572772263,14.249458844324142,-21.607909011729934,12.143609652003486
16.628752151025118,4.466077196348749,-22.642010728961804,3.8557874854406164,-13.935341288985649
9.17835837248284,-23.44410953514894,-3.878527464544222,-6.898721608765998,10.784902144247974
-11.398088621897909,-17.19728647872718,-3.462313270831424,11.14441106576096,8.246977447715873
-12.16511872410377,13.145665266461913,-4.3362038358397905,4.96320202454351,8.35681947016911
0.28848301325939585,17.318654619067047,15.525475303040622,0.037218871938555,6.091497661120497
20.89231788152606,14.293541895512583,-7.907786786670607,-3.6767581825112785,6.560328623363503
23.467505843750683,-11.84648174338152,3.3259258051480294,-2.879720010727005,2.2121419239983893
23.883962891277285,8.603318584714392,11.384113409601206,6.818943358048803,8.567978924447742
8.841007898452194,-6.867797687876183,6.759237088077305,18.784350355100997,25.504472119567264
-12.296896688189522,-4.338650725889608,6.093337553530477,25.006384553914963,-17.102675798294918
22.086128720772415,10.497762016991478,4.868959626111553,21.882318142336512,6.622741418004593
-7.8281934430537,4.386980073032396,15.50936650512874,32.603074846553746,5.1282831456407765
-6.462620366363649,18.78516080974798,16.615618807246506,-17.990586275894337,-18.569064165960278
22.977717553409796,4.753286699587865,-3.0839600644868668,-21.06124065063419,10.525595203648656
2.4166432704266865,12.710049760367033,-11.802599588319184,1.0123583166084849,-23.024635438165088
2.5274637069940162,17.335464803611778,9.534778575870197,11.58216582004762,-14.97581932368327
-9.374457149822097,8.790718531920882,13.871841212196143,-16.419297727130477,6.902955333562284
22.28744167053664,1.3403925196063082,3.400820284023906,-5.644241102749033,14.875043611702424
12.671509977175988,-6.6441047559875885,14.084279321388383,16.302192545389214,16.48140099466157
0.682410257981131,-4.1328434281618005,2.94231409099941,30.7466158307049,-6.930183044544012
0.33411071985314056,0.4501060027086773,3.470999143633775,32.559031147442745,7.95132975170663
10.664976667934248,7.967992560884392,13.411591156986487,26.92280007409037,-11.441189081969977
-4.262299153182652,32.947685595441776,1.2773735754403603,-11.175657777775944,-7.119012412693989
-2.807816455921406,31.894521441045995,1.0680891060598983,-9.874763084309015,5.655340586448783
17.086975678155234,10.708620194547523,-17.893884577576582,10.499780029897996,18.734571375018163
2.950554763994398,-21.79504713146995,10.263887848072251,-5.769365889655844,20.25841595604894
-24.606280854516424,5.926716617867139,-3.5979297519545494,11.316111364596628,5.938627298926332
-7.388875364569385,-12.584380456945567,4.8352392691703425,8.949607909600855,-17.14996753257253
18.785199619437385,5.604268844487934,4.618708848206803,9.499936022779341,-5.491350657892682
19.77435349620552,2.3571930717124103,-0.7556281894987277,10.479251750028824,15.7689375421293
-15.32383277086626,2.147077325528917,-1.5615795071531555,12.838439622817504,21.067099097685873
-12.54428152406058,-2.554731273061435,23.654002228485318,6.959599009094609,-9.668005619546028
9.482290856734265,-0.39891362543068,20.355323547817754,-0.44914995831995735,-14.551486775259534
2.6740559439023324,14.82949620985606,1.9293154200838494,-20.41285930974555,1.8526011467601025
0.33072460877504556,15.245443747280666,-14.186080091742108,5.061831983006974,-5.512748192450949
3.5121724431443324,17.437223490747737,8.984334382173067,14.262497879775136,3.2120919336389857
10.591537271195081,25.765034741558548,4.5065288063527795,-5.968284957318763,2.600262100754258
17.0883879592737,2.2656439621711697,-17.446241403931705,7.6133659161782195,15.626775985810523
2.576009920996569,-19.913939419577044,9.384393115360046,-2.0226590039401717,15.84328444629068
-19.827425405860758,0.5822243798285891,-7.548645883782348,9.962170921300093,6.700299765051127
-13.428929212260956,-1.0980424183089774,11.724051170424064,7.779446702772881,-10.535563379856864
7.5709173574541655,-3.3148698773902905,9.77219961555797,4.361157092661649,-13.242437873753698
2.6176310130301954,15.19280744090926,4.642946430044019,-7.512099513203059,-7.9182406468480755
-3.794369489135517,17.068535716670436,0.2015861545762365,-5.614048050327747,-1.1354631346895572
3.4426674369298595,19.335219582724534,-1.0109856050886297,-1.6214992837343978,3.5446723071864903
14.601021125877379,10.178284139556203,-7.752532115260626,5.99597936007932,11.244075522476352
4.149705733544755,-13.439458096654938,-0.3636196293692662,0.19908378366843524,20.302263790552953
-10.879201296665514,4.633455434771438,0.6304304205786155,3.9851464243334647,20.157755178453097
0.6699664000149038,14.422647180201528,17.596928330150988,9.602591872959701,12.078344591130486
15.446632781286752,23.79434468396785,11.220203774754774,-6.029011932665131,8.052924979157865
25.821081512878973,-11.561295089245437,-14.239866352004015,-2.2774163872793163,4.843403458229043
25.141666829912012,6.39987299437566,17.687134835518407,5.154959300127547,4.048133957482357
30.971188088635635,-4.622082486796653,-4.396452438433283,3.2744953986548437,15.164361079614045
-19.639969797003346,-12.196606707343149,-9.170696860481607,20.062999556272356,13.8763641977386
-19.107273051594962,-2.517226094022729,16.330252983245842,9.42268018786323,-16.111684527228093
15.602657793172785,4.409845496796682,11.860136794408868,0.6673318918278424,-18.16010835780962
-13.709805479282618,15.46402133392182,2.974446725663907,-9.392741870650628,-8.745884964239261
-1.3223180570839523,12.043897071848956,8.497305005158116,-8.71153037973821,14.1521284388462
21.542358758832027,-2.0004768200748075,-0.18996062668093494,-3.212388708739018,13.009176514743716
6.736784270334073,-8.785570594446694,11.868650516433075,17.577366585774957,14.834204028847921
-4.104778158525601,-4.2898002953404335,-2.854365769090537,27.60985309349196,-2.8551923776253902
-6.692672508686105,1.851770092439785,-3.6314357869799303,26.639678635918443,6.777429910014589
4.259248925622041,5.080979682710884,12.45544893559562,20.584183775304638,-15.092691388133238
-9.568127310846933,18.189428585863816,9.42775714583117,-16.564598499617926,-6.7010107844758995
12.438986476194023,13.450789146276874,-13.455959180298182,-13.93099777244737,2.5184260834228662
12.750053581625771,-3.06567992602838,-18.15106525160413,5.7865307806445125,3.2496761871568705
9.087853822465998,-15.86937326130298,3.5847117967468303,-4.847778575598278,5.8319058533099435
0.942333669628371,-9.173869693390106,8.269983194513184,16.0301792242288,4.5484524354875795
-0.5408489181973154,-4.754314938703097,-1.6523813352592052,21.086467645970878,2.3763161463017877
-6.712680251141804,2.100527278350781,-0.7520767410017073,21.382706450181992,4.374877772575454
3.180930771514373,4.712869765383032,11.12151855249486,17.566742662469295,-11.1241608505305
-3.425450957408481,18.007061037449603,10.24557412770814,-12.017615737778058,-7.415903048967338
5.899251022823843,17.333581548846954,-8.678946750887762,-12.098977566962725,3.302223137535025
9.745051562007722,6.074250554779563,-15.748122288863726,8.301106721842382,8.40583371502556
6.198674254315949,-10.974343547701466,-5.745051072868054,-8.44326853230518,14.730177173256847
-0.5882510213556669,-10.799740144406515,8.853174158602519,6.138738100421298,14.2470556599467
-12.409342232973277,-2.4176730750677313,-0.8473187599506926,16.25906780044071,0.5568013532840476
0.27543141506619473,-0.17773088615820878,0.38446409112602786,18.35469660886452,-5.836338598486438
7.602601251758121,6.84891075339226,8.18330186558853,18.74498359378092,1.1899345115709454
10.352530582648603,20.857762912422878,15.330989582612322,4.183796608391783,-0.3197986519386148
14.644609080115695,21.031465587651734,-14.268726679973673,6.165674648674124,3.0103240728809815
6.599222030271002,-16.00151785000769,-6.990688267858978,-8.433270090960837,21.83901391991631
-14.625717245788447,-8.536759984946835,2.7804188502305687,6.648660417309556,20.533592981955774
-17.340541217844144,4.150277050631096,17.55584593974003,10.00728259241263,-1.1111805291226735
8.012710635835633,-9.665368805988214,10.463364439134748,8.768091280251976,-14.95301270628216
7.078346685574334,20.97954927553176,2.286741007048372,-4.578683046899033,-9.709540221736495
-7.994774302804217,21.113294129938755,6.117286344566814,-2.014128126111659,-5.18233172655577
3.467316514558469,17.091362211580204,6.199193097755166,-11.416424753574535,10.41709772229563
19.973343524222408,0.19744231067720253,-13.511908104108993,-3.9627873509196494,-1.5739191516465856
22.61460455449444,-2.8599629963220905,0.4951537861904719,0.011233435609436057,-2.716019892578161
24.4213077879772,3.3873700572945764,-0.25306441219695563,3.5770100968805205,4.852261686848932
11.33372958195758,-11.241733882043844,7.2207074872694275,12.907884118510971,17.97192726224928
-18.88631106908868,3.3660939117874817,-1.4573061973140045,20.040023105865057,1.728650608994734
9.412846436827293,1.2945467826980965,4.64578064181444,17.501907754361426,-15.90378322159276
15.592796874472096,22.62946659074213,3.052809560358491,8.459288746460484,-0.0570082896181123
17.762302209670352,-3.6526831008592358,-6.343418690349066,8.493205428646451,24.707739666918183
-8.325591698131236,3.6634514915218697,-3.2931794766869906,-2.716860590729719,29.691957898113788
11.594645516152797,-10.778326405113171,2.003744047972111,-2.900400419412102,27.938550136348116
-21.44771448189866,8.21902874336807,4.303658850864095,12.431843057856995,17.427994922101302
-6.167224197400047,-16.012465840735217,14.994485187979997,8.883095511894531,-16.852960173145856
12.582019853836117,18.822790455685432,7.903976619887296,-4.301250416128695,-14.195128649244458
-15.199085578426827,17.939150135517462,6.93066805019172,-5.989253148569938,-6.409075445295212
2.80198462541738,11.747121451721213,12.174383621936835,-6.835689859554857,17.312308715656542
18.757577008459347,-4.542796122879149,5.900198075784698,5.238254813828269,20.744249899844906
-20.0056645352095,0.8303561173022674,0.9917247821260868,21.983076396718207,6.863892173449239
11.099610657323943,-1.7006728197373082,1.054455810803915,21.63152125410242,-13.762394439932557
9.768306589504997,4.148803472179193,7.4341455841779895,24.21752489782874,16.024559139793663
4.784951089880589,6.062605509990562,20.903622235555705,19.472928576435617,-17.091083644925487
-4.267487222396072,11.913858534571002,11.189484012785357,-24.76430981102033,11.397929157673781
15.724192563691563,5.695893173726412,-11.94625210005434,-12.765540276251805,-16.703384735127788
9.881574811172788,10.657985162441491,-7.295040431187814,21.12678654852584,0.34148969931021106
-4.61098992415727,8.012657531590705,10.83562738931402,24.91997338845155,9.887967627101132
-1.862089559324896,8.096603825743049,24.238034356036586,-9.46938706689383,-15.136630025426179
10.113202779137568,5.342453763516957,19.7533348270461,-1.4146094977819044,20.484955629630424
5.116247152591904,10.38098167131055,25.187691002482314,21.14138972117638,6.769743076235945
9.954852278388303,24.779625598566405,6.382666232850429,-23.691785259038433,6.604206975925462
7.45031859835146,12.002960620278536,-19.105922559846928,21.892628939406297,11.143628589615249
-0.4940601099077553,13.740665750822476,0.7285498871974583,11.458929965605835,31.103413862031566
-3.318603980500968,14.315958371724166,28.05065628560418,22.508481943680525,7.419657527881951
3.588954106366088,7.783124011328445,32.973786896957115,-10.179215735827766,17.303042411343426
24.844306919615928,18.773842187773507,18.690749343841066,11.642426276327825,20.55887328496469
-16.786680265207583,1.210744605699412,11.995049981052572,37.545007929393385,17.31206861078167
29.909061646193773,19.38175711741344,7.859760535566499,26.771717561126778,0.8101169326858021
-18.808656507903343,5.033880553053201,12.396762067912002,38.3633709142521,16.74951398294541
15.210988813394012,36.67259227368052,6.129966153217644,5.140484744638924,-21.647100472769647
-14.303640080046295,13.005659630626708,20.93364913028962,-18.658474235725162,25.44933801359478
-4.213545478222256,-8.263757397296873,10.647250728980548,25.404094803633164,33.08338952627035
18.848386437203676,-6.40273244002939,-5.502550405845867,33.33729096845155,-12.521860258532334
-17.41781677366777,20.590254268193025,-6.967013650756819,9.029060168272025,26.879234453029778
28.159013985428782,15.686434320905413,2.637328894374804,8.364692327888115,26.99229038419155
-25.780378302071412,14.050000196771578,-0.06508833950727977,11.442632278667284,28.62875600865357
-8.235290068749595,3.3026745738939054,41.2689406901091,0.6760434247157064,6.694954330534254
8.018375306921794,-0.29934441805326106,35.833140977456544,-1.4500468786915417,-19.46688487245318
30.05812632060526,11.167440835880003,2.6287912478974174,-22.266305147709843,9.15742257277685
16.440644562541713,11.135715772523064,-19.121131957853677,23.462172207854838,-3.899347975391808
0.5867724129078724,6.138276914213522,-13.246524552605537,-6.356579489104136,31.986993196816773
21.991453439593673,-8.198402853063095,20.621430894432777,-10.278491571368862,5.090995040883332
31.16530982197999,14.669349592642371,-7.347227210472592,-4.426870529622924,2.359986664403722
31.867224197265354,-10.661620695161853,7.781616626518179,0.12579007881611307,1.3848587496666134
32.514973260702,4.550564260599646,4.413645068944787,7.578514923674718,15.097761005064424
-24.911983474117346,-1.8531272127870457,-5.458728536189783,22.687292938400997,17.0250485645735
8.688992748681668,-10.293975501700562,2.807397691513358,16.660402401015695,-25.948675103106485
25.764048548564112,11.617474812376543,-3.4440702700379795,15.781890614955378,12.007899879492198
-15.422149439039174,5.234663341736871,-5.171546049849218,5.482005015197352,30.627445407145686
13.067382969076458,12.775266392636446,9.680052295526298,13.626694028939841,29.20038057935377
-4.964576034622696,1.6386037692338997,26.84040395705576,25.050505664494562,-16.922657332885866
-4.4700714558598404,1.2110691180126245,23.69096724282271,-22.562200869993486,17.777757174167533
-4.8183179774913745,2.4077096189249008,26.66683496642348,28.898431147057337,3.3193083558774195
-8.61843698581638,9.411651021686849,21.399046735097482,-28.66436166279993,1.8676286362583008
34.0091291492499,0.6107063110587442,6.29475425610497,-13.414946121919286,4.65751230113878
19.976730262477627,13.80905764571144,-20.02372981064825,13.503449280823466,-8.953190474732606
1.032717968349297,-14.700259088815157,-9.427360094548574,-16.3810046224609,23.55493376403246
-7.353001217493322,-13.693184688555826,12.627717268044801,12.86561089175553,19.95113574244215
-11.807180689531885,-2.705932849944869,-8.130588408545014,22.13501909329719,-8.232644127341686
-2.1741380110886235,1.9368790780810379,-4.7955249834301785,25.39336966787275,6.656882413317153
-1.3347616192879963,4.703433526086346,12.63674816260848,22.181431206383206,-11.343614510003887
-7.564858746475009,14.361748024053567,13.328319650506405,-16.50380461646577,-8.574260139526384
16.544708801813858,8.513128897986295,-4.7672263319944355,-16.665025361518794,7.281194659181924
12.491203658010127,5.894664833415254,-12.98350099178088,2.456602745058135,-13.094667103722838
9.548808973662755,-5.632728384456678,-9.061898160372076,9.284776090502014,15.929826138612059
-1.8540418726330374,-3.459635491492569,-4.556856244788657,-5.638602991002038,20.673259848506174
7.508258487626088,-6.5940417464849315,3.213123383054655,-3.8850200169028715,19.393956566329464
-11.734172589756813,-2.36737206647303,4.014270157305319,13.994732686176047,15.090445921472524
-6.027149652449448,-4.436647253197545,7.393342468606216,15.966347926439934,-13.369397910128152
14.198988727741188,12.777980363496166,6.944070067952408,9.269681571441788,-7.949823924634534
13.876071961071766,21.706990425504426,-3.709687301512348,7.352335209998885,3.057646089519438
9.16750871544184,-8.174355343362953,-5.469208263961067,6.170405664533109,26.630335332841142
-1.8164400125258073,4.269977434556342,-2.1853141022666085,-2.974698617319259,29.03263111224657
4.911406895848246,-10.2963697621896,3.658052357907089,1.1130190702105063,28.548639204296528
-16.521297523348384,11.608084663254434,11.767177967068157,13.774989468984867,15.36494880681483
-1.7300902407977008,-12.70140219646432,21.021590303426255,5.843677106754134,-16.39751376116056
0.9921332055579501,12.352370494545761,15.518981479678631,-19.199201493462322,-6.109315774965897
6.815364475724359,12.583048338622946,-13.543328850679831,-14.733845593136179,-5.955146313911076
2.21366003576627,13.85503260140782,-6.0021410304903995,17.069541648327274,0.8007300536559874
4.9521782248306865,17.873022904361633,17.141651867496407,11.125218391697832,0.46030762374742185
10.540467418488092,25.62454837974506,-6.495920015787274,-9.334758572174328,0.6183489058903817
11.17224003243693,3.2696278767103104,-14.759128094471798,10.74215961547021,21.32959339962826
6.286934173754164,-13.438252404264375,1.1585767463188312,-12.80332950232508,20.652886429237896
-17.33069950605978,-6.634212301417551,2.42495796790379,15.67443049380986,13.103187889436693
-7.908856129352225,-4.798223040230817,-0.31256961759839835,17.798846630060574,-13.803251154012283
11.288270818764708,-0.7987353898757388,-0.5411806238830488,20.825630129157602,6.49807440082055
-11.695815161823582,3.567965870465535,3.2075659020007516,22.93398325712386,7.10150285746766
8.354916298787488,4.790437950521045,11.982079427649046,12.962114910855455,-17.986502745289904
-10.716139614354384,16.129522037728012,7.013377013036021,-14.287668232052058,-6.597246280710272
10.940292754093543,13.404920193432423,-5.526330903976864,-13.388943822463252,8.899634043310664
16.14112417497976,-1.1567306438030103,-13.787098279179398,-0.12500355378608147,-5.3835868045099415
18.602446260381058,-8.509368796168586,-0.3894273568339507,2.228131476174274,3.2445968909366143
8.799828639751686,-5.9281720957751745,9.48543535065246,15.674342194121786,10.964215204411202
-3.4918434038851354,-2.3752930554827647,4.295523054250809,25.521907733354258,-2.127481397232701
8.791221710128987,4.194887536441832,7.463788393120876,25.31038980522945,-0.187167624516065
10.930066686401048,21.577523010827306,19.252994731195134,8.438939920288066,-3.360577070813377
5.618269728891063,29.755288505160802,-12.660502552328374,4.016645957576758,-2.5001671044702105
14.419386645295981,22.185684122535076,6.994693802999597,16.643656346381846,16.3663232192199
-0.3879837493950168,7.634477056603921,16.166030360181498,29.70219869073248,21.091004961069277
-6.437979542680435,8.78082158788651,27.835124743344494,-21.27759039798283,-16.200222723564245
6.81779030948572,3.279999614015416,25.0253759239705,16.641927347622836,24.749772818818986
-1.2381304175849122,12.016539537592976,31.376069698767648,-15.332804579301229,-16.9769139437304
31.161995600587698,2.1501596117275583,11.657697069729005,-7.0492258691170475,20.79905099105684
-5.246294018972779,-7.689039549169443,13.050198880372868,36.38778904763608,14.434791018622368
-2.6637136662837992,-6.19478820999376,-12.50026409394388,35.386943082542615,14.1178587050883
-13.56019847720357,-3.997065090448267,23.73515944792051,12.148038263775437,-24.675926483016116
-3.3835758449979596,0.333702693628258,24.132783015294724,-23.26511277353118,-5.001711329417607
7.498892251715677,4.968119987493176,25.057278573558516,14.513265201722438,17.96601136170876
2.08383759176978,19.20953270153142,28.629875986889253,-15.041311671141832,-1.6927182183565865
11.67885883212625,12.777294541254994,-26.576959463489327,1.6690658175219835,-15.321908968526865
1.5022537701122685,-5.829435547911971,-19.653078228556332,-7.531546476114021,24.416350307914193
13.501430243464602,-7.320852749685235,14.191104252884061,-18.239677629431515,1.019876507840842
22.136510541759304,13.35251067152404,2.5413090949534416,-12.085356571702903,1.3844434107046832
18.494180925735947,1.663329534753432,-17.487746076820127,9.450182360188743,2.6304782652701193
4.352080015839,-20.466504770161585,4.064318466733521,-2.9207256481617057,12.668520772117931
-16.527388501918118,-4.590783727438957,-6.921207590506503,6.003040039099689,10.667950629788997
-9.701180990420589,13.056831557768925,11.38233122009944,5.759912145460166,5.668272056101931
-1.4938305262032492,8.44534052903317,21.62146826019889,-1.7927571755736191,5.48178437594052
13.842665180226666,15.477380803879251,15.370576388534042,-2.1709212209523994,11.435354775607877
28.33073648820885,-6.104335914592421,-2.844369441115327,-1.332960022727681,10.727528160372335
5.144105157667914,-8.982874531072612,13.546671097195272,25.523367885873824,12.55146373740681
-0.11691713221974834,-4.915286881688444,-5.3912988255286525,32.45342428471858,1.9963007734882892
-13.192038815186471,6.857494717711168,4.326289892194726,28.65425442326659,-2.3267123800659344
4.386643872149501,18.270702008477556,14.178766352847942,-1.7469720279475016,-21.62397707814224
-2.191192768724943,9.945803115732325,8.759838673617532,-17.373477335167337,17.64605838834177
26.503638607901888,-3.6590710437457292,5.043603163639888,-8.762300307627378,4.880822693794447
26.526196826622392,11.130606217106237,-6.44104450807678,-3.2877476920581796,-4.686070449869196
22.919091513500984,-15.731161712692268,-4.417961775310624,1.2587982605900458,9.246185936922389
-6.149089766330163,-16.08260731210886,-0.6802185944153986,21.697657811489435,9.446919122808017
-16.22740453879744,13.502022275924965,-1.4243515331200647,14.978621804716447,4.857712456032755
-7.90411487120726,-7.596303009128787,19.18716368911735,0.5414227988779488,-12.148335280117374
6.894492320198298,-2.640766452672031,19.43075111348605,1.1691634827499044,-9.345742994174588
6.455747579797101,15.151513682767607,8.149897279831297,-15.079249575605836,1.183869207133898
5.847480731484719,14.597107908225045,-14.785736938897253,3.312730264586783,-4.9850503952130385
5.29317005109918,7.431004514884185,-3.2970538004351075,14.692473899218163,17.108838384915707
-6.443773885182076,9.741557852633628,13.573814776553723,19.490803695170726,10.548468397045317
-3.0843668902701173,1.3356541609787675,26.56937382107972,-6.857216438001519,-10.220148676115317
-0.5266478620375551,0.05089627535070823,27.993228397606675,7.159396856280208,7.245864292016058
2.086911813788122,7.438309886468024,29.09902457057376,-6.200215802434699,-5.967456128624115
24.770687001365804,12.991557219899988,3.61188372305098,-12.848357769896083,10.14684107706792
26.092751733670116,2.6460620608413308,-12.653656193950145,1.7191366110997526,-10.20870706442344
21.06533111205498,-17.28448353064438,3.781301017790735,5.615144471373547,11.614436438167186
-17.125061321127962,-6.873107917038353,-12.049521111922601,16.103609728030648,10.35859857360265
-15.846488225078504,5.977106933710545,17.47463685262939,8.991709908948762,-9.230882902924426
4.911192635699272,-10.749107860398226,15.060633719510781,3.416253544738961,-13.561639297226245
3.5911771311997813,14.63195762044636,9.865511488945248,-13.755023504620784,-6.428312709442697
-1.0726839874819616,17.882368250375333,-8.36219171420509,-6.9646164444725605,-2.5338379372998943
0.9084241643440712,20.462599863273997,2.313281833401007,7.243451164465855,1.478560030120355
9.542421532822415,23.409712713792004,2.94881271386468,-0.19790069275707786,4.303473982412068
19.46164266575395,-1.597628678630121,-12.160378114035002,4.054961216646371,16.450806963791802
-5.488358068911027,-18.407563583008297,4.673093154724296,6.864849804993934,17.470360073202983
-16.97086297353816,12.757251419525758,3.0898137462080757,6.948618769503266,9.892210983835616
-9.234061981312143,2.403600930798587,23.689292747477978,1.4286099278517819,1.1382732041811634
-0.24152145597967717,-7.925304642253479,20.313838639753644,9.06905543181995,-9.345670016597266
3.5236242122447132,13.734959682253171,15.7617731809859,-12.28107028582104,-7.456188843135294
4.166982073727877,16.317238438252666,-11.023168941527313,-12.123742526096779,-2.824016212132678
3.083269096102015,16.394360242592057,-4.627914923727356,14.353714604549666,3.949344925832929
8.246915426899143,18.3724850616403,13.959488498962166,11.541057885023834,7.171266250143894
24.36358908132361,18.263654655682807,-5.972211710447559,2.527158052338501,10.54429666298236
11.437426178420303,-22.07118446112769,11.840488159854432,7.440186865232858,15.963201611273805
-20.419352915803422,4.629512621184125,-14.975019868818713,12.21272337114461,7.912774991019327
-14.84003099749828,-1.8036846342747197,20.836871106828543,2.1379138732039595,-10.984719057530759
8.093534996298652,-11.468657955479713,13.512094784272477,7.715322515918637,-11.862082614665784
9.14039817445675,20.865847557628513,4.781983228947177,-6.874091102390079,-7.697686401645294
-4.6949908554507,23.991044134679022,1.9598449124205661,3.0951337771711147,-5.123962045544404
-2.1658792109207217,19.184168671619492,9.550102940083388,-11.903047773144904,6.66489563776595
17.3843317884714,6.726886230729039,-17.566856474176443,-2.423162128461947,-0.4903583435991818
18.701716092921014,-12.962063678779261,-1.6404887863399296,-2.9755902420429923,0.6734728797874351
19.62376716770346,4.6932606877716925,12.55782074245811,6.134028249401901,5.08124881581702
20.99249049769169,3.5037296558841833,5.290534581927445,10.873388960516232,18.154734927207304
-18.51453334751446,2.176018868432256,4.650955730572488,24.894273900137588,9.3209244579306
17.115081638846885,3.6200868992506217,5.366475815798064,20.147793634505067,-14.406192286342888
22.693241551127933,12.412752506902683,0.9225860784774781,15.534673218242485,17.170816290490762
-20.197823626223677,9.084117598269204,4.737101152047616,20.560049650816566,20.44188768251007
9.116609912233942,-10.494613000728732,16.399858844376713,6.461840447665519,-25.538627493606505
-14.590345924604886,9.638726959076893,6.577289823700482,-23.221244002617457,-1.0083776728763263
17.764635474266242,4.099637059794609,-9.809973348193978,-17.53385295122232,0.12394985439862305
8.447397743974673,7.6220685143925335,-11.929840465051019,7.596751817453249,-13.040761177224438
6.1237179157776795,1.7559991807681252,-4.387458619611212,16.264066037151444,16.44705533766745
-10.377907218006673,10.156426901586748,10.000343116707809,17.17133033201683,11.227520693088733
-2.794484001419819,-3.008291125866938,23.452932696054166,-0.5910680907399516,-13.449352220932308
1.2253860168974708,-1.341225563795037,26.187631992373767,-2.0617210974970352,2.237823844382385
5.022476060693932,9.694685608494447,26.948412415900524,-0.3648486534894217,2.1695362929933357
22.70850469816765,17.639922232923315,-7.644494598815557,-10.222637855796357,2.656244956647134
23.036679623487302,-14.948483339309822,-9.968352658839864,-1.4730678254104062,2.5228813033330697
20.199352770326055,1.4761697051393103,17.708851479247084,11.449975783671114,6.079251486640229
22.34335529006533,16.810762336703316,11.616624570465241,11.548305009529809,14.221091461215002
-8.243476635599272,-3.0073935709467405,5.574431312045841,25.92817270933039,27.08054448595662
16.117812800474418,-1.996882103713387,5.913955880052421,22.839813062649668,-23.209915818692828
26.733530055805783,12.196454888905894,-3.6806264231643384,16.808999958036562,19.62609808974787
-12.426479273991957,14.896681542173939,-1.344133687532869,5.1087915702630715,34.06235234362232
4.972898900702322,4.270351155565371,9.444000754804309,20.38635150848104,35.166074294166236
11.207298644456111,-0.6167057740468979,20.912101832245146,12.34115829710504,-32.14158400572776
-10.05481137219804,5.30938735277785,12.122576997390665,-24.059501887487645,21.932565250488278
12.998633711736328,-12.174377284421222,16.389721518186658,12.872593960470168,25.447253921212177
-8.53505475281708,-4.7712842604546015,-11.064162182391806,31.975908231937517,-6.228270336320385
-14.166303149327279,10.736550220958138,2.2166497609925604,29.142288678900965,4.099511147027327
-1.2116130359535124,8.099001833520902,19.096336637135504,-9.203176789457354,-23.713668242302866
-3.4881158865262987,-1.8619516485536343,20.37169205690838,-0.04744803794941879,21.184279042828063
1.4056385866347667,-7.060721672951049,14.705242565174883,19.541402585303008,-16.95433181291171
-0.13544874368475382,25.728074355824294,4.1749697824811856,-7.499419143668699,-13.722389910626799
-8.460607639870435,18.07271644713619,7.850702470733436,-14.279350367111007,10.146272818006663
20.926626456868863,1.4855341642145148,-15.698842245557003,-7.517579273132417,-2.0433448673318546
22.98927367947642,-0.024035767593306875,-4.445794306393455,0.9204751023305405,-7.2856077672564306
23.66857310537101,-3.6825621151655734,-1.9031366425074236,5.551781955888867,7.5108171542963715
-5.400650775771743,-12.352595284312796,1.5866015642537274,18.045747088355917,16.269208439250963
-17.28421815649728,5.882361196232243,6.530965879631159,16.658556170341424,-5.060653561143413
9.485529749785956,1.4895883601232485,8.663315098943999,6.912569674643322,-18.31312297274989
-6.464018096465059,16.076880816567805,4.762878704310052,-7.906286214286726,-10.890318275899064
-3.7271815521775453,11.749480607256148,6.780121481160686,-10.691781382929426,9.354354979017804
18.82033115904473,3.2991375569395816,-6.191365233964174,-6.335255933141579,6.117202054663898
21.7126621930441,-0.2667775720083554,1.793869569553991,-3.209225512524213,-1.8128496734941741
22.66275880688769,6.300655032437747,-5.1171222540274695,1.6330493603855192,0.13787436123176314
19.047209897421293,-11.340213876375632,3.1360270437665108,4.2566328456477125,11.56900965685339
-12.1909279833187,-8.359229860980356,-3.602390792543435,19.18726933188255,10.246682396249255
-12.034733933137016,3.274809391497499,5.235860640601457,18.124193749026748,-9.04000251114742
8.949028507413207,10.085160823026168,9.676174659804088,6.548832346641588,-15.729564809760484
-9.273909708652013,15.614457791404794,6.160796232280018,-10.912720675971089,-5.443694794538489
7.279622598084572,14.586978875215596,-1.5469922689439668,-11.028415595173062,9.314860946894452
16.965887849225965,-0.8300428642316361,-12.30849012255055,-2.2580321764239537,-1.571982992678177
19.46481550235372,-4.723962612542114,1.236705868269645,0.4868618935066017,-0.11574579686729594
20.277191644729957,2.125187896580728,5.950378868024058,6.1936117501194206,8.23672046981552
2.9626796181485364,-3.7168427315733625,7.812319036533939,20.199446023147225,17.95428201660597
-1.1587324020340304,-2.76633144261714,5.483306961035449,25.79416724956633,-12.449075139321044
17.236606670366562,15.631365700488738,10.934313579419223,18.645075376310626,2.5408853248745387
24.715192218803093,11.949517519780755,1.7264833970724367,12.069419831423755,20.560784811121252
-21.96885349957715,9.804339303880523,2.054385762465338,16.50122279060872,23.88332061623905
-3.505172956853884,-20.023952833167566,20.041316563692085,7.936078738256722,-20.107737793396193
-3.649313584409374,21.21345466360253,5.528349700093549,-19.72032914254948,-14.401820426982104
-0.142937157252458,22.563851612970456,-7.008744678602976,-14.040822581835608,8.181229469616838
12.46970577065561,3.320799912854946,-20.435420952904042,5.5018318407289275,11.886377926300602
10.97977288054006,-16.101645563110324,7.536116038783991,-10.567918887593207,5.448931986615563
6.374148670942928,-2.052341774971248,18.234483956259403,16.499065122616642,2.0752827515721854
7.167249770472951,20.936767278389194,17.089623131860584,-5.3761146639960975,-5.7589324782744935
-0.3011729721170846,25.743062490603148,-11.696668654806862,0.5878357162832213,-3.484075050034377
1.812691214622043,27.290824386308646,11.940311583711637,2.2469213389304237,-0.36750397634733223
10.112183684372992,26.40909211468572,-13.084088602830763,1.9434962877547015,1.7803879558575566
7.922280726755665,-6.624193134762731,-11.461196900961802,1.7488472020603396,28.64754618942474
0.5310350469900655,-12.820831047887959,6.321318402776127,-4.533134718819023,26.279765432209125
-19.23092223197932,8.25435676613641,11.691079356970345,14.502747507844918,11.26852635737711
6.368172897156391,-11.155206432330289,11.336921323871106,9.57358705252719,-19.470743276665587
-0.5780034927562515,21.405975502040274,2.094565814868214,-7.583099499526292,-13.72302851013988
-12.486634714574294,12.774511711156212,9.008920601548223,-11.171054205707048,5.478577311070564
18.996540586633365,7.787093071584605,-2.2160004840477265,-7.039531319416306,12.765419009150007
24.48360621862072,-3.040029366061901,7.474420440865023,-2.2891899407740786,3.0061888677714097
27.81369503671651,5.238621443428088,1.5695795620467097,2.361450250116206,7.372908491261125
10.760556992528986,-13.104377319144042,9.239706784099374,15.827110590662313,19.56804001539687
-19.47531893276068,3.626685180295194,-2.4841343364901816,22.984920411929668,-2.888255090808336
14.097508507370513,6.132591295972123,4.59274657012773,21.164606060677734,-11.180710328435273
20.323336157512813,18.277321135440495,5.579351663686933,13.751038229814183,11.845554352640233
-8.79439061786316,-1.4892410976630313,3.011258440382702,21.91884118486821,28.025165657732302
5.008778912429552,-9.278439324396587,11.893068186947838,15.172557380858539,-27.35521278324455
-14.951674585533024,19.691324117431158,5.297418978121349,-9.496536686763159,-17.64186000136373
-9.388396640200142,6.569033416284252,13.896122264314023,-5.223487254517508,21.44453836796518
1.275302574883223,10.987872558764597,23.61652194488445,15.56577697054286,11.178222093563674
